1944.0
1034.5
775.3333333333334
604.75
709.8
672.6666666666666
602.8571428571429
530.25
479.1111111111111
450.2
420.27272727272725
468.75
461.61538461538464
434.92857142857144
411.3333333333333
387.375
380.7647058823529
409.77777777777777
394.10526315789474
374.7
361.2857142857143
349.5
337.69565217391306
328.125
350.52
427.15384615384613
412.3703703703704
401.82142857142856
414.7586206896552
402.73333333333335
431.80645161290323
422.875
463.8181818181818
469.9117647058824
465.1714285714286
454.80555555555554
444.86486486486484
433.7105263157895
435.6923076923077
429.625
432.2926829268293
424.0
422.95348837209303
414.15909090909093
415.1111111111111
408.89130434782606
401.1489361702128
392.7916666666667
387.16326530612247
403.88
407.6666666666667
399.84615384615387
404.8867924528302
412.6111111111111
405.76363636363635
403.3392857142857
399.4561403508772
393.7931034482759
397.40677966101697
401.53333333333336
400.73770491803276
406.241935483871
437.4761904761905
450.71875
449.3538461538462
444.92424242424244
447.2238805970149
446.9852941176471
440.9710144927536
434.6714285714286
443.85915492957747
441.6111111111111
445.027397260274
443.6216216216216
473.16
477.7105263157895
473.42857142857144
469.94871794871796
475.7974683544304
475.2375
471.44444444444446
482.4146341463415
478.69879518072287
480.6309523809524
481.4823529411765
482.0348837209302
487.18390804597703
481.75
477.65168539325845
473.4555555555556
474.57142857142856
469.57608695652175
471.6236559139785
471.59574468085106
467.8315789473684
462.9895833333333
459.64948453608247
457.765306122449
464.24242424242425
463.26
473.6732673267327
475.22549019607845
489.6990291262136
487.21153846153845
491.20952380952383
486.91509433962267
486.0373831775701
485.1759259259259
508.23853211009174
504.4909090909091
502.35135135135135
504.2857142857143
509.4070796460177
506.9035087719298
504.16521739130434
505.0603448275862
501.03418803418805
511.72033898305085
509.65546218487395
514.675
511.5289256198347
508.3196721311475
515.219512195122
535.25
536.048
534.2777777777778
533.8503937007874
540.6484375
551.5193798449612
551.5461538461539
547.8625954198474
553.1212121212121
551.1428571428571
547.1044776119403
549.0666666666667
547.1617647058823
550.051094890511
556.1449275362319
552.7625899280575
549.7571428571429
548.1418439716313
544.4788732394367
542.8321678321678
543.0972222222222
541.1517241379311
542.6301369863014
539.5850340136054
537.7027027027027
534.2684563758389
532.0733333333334
528.8476821192053
525.6447368421053
522.2156862745098
522.6623376623377
521.0516129032258
519.6217948717949
520.9490445859873
524.1708860759494
522.622641509434
519.85
518.5962732919255
516.6543209876543
513.9509202453987
513.6158536585366
511.8606060606061
508.855421686747
510.2754491017964
508.1904761904762
508.67455621301775
507.75882352941176
507.1812865497076
505.5639534883721
509.7919075144509
508.17241379310343
506.0514285714286
503.77840909090907
504.9265536723164
505.17977528089887
502.536312849162
499.77222222222224
497.21546961325964
495.5054945054945
493.5409836065574
491.0923913043478
489.97837837837835
489.01075268817203
488.8663101604278
486.4148936170213
489.86772486772486
493.37368421052633
497.15706806282725
497.7916666666667
496.00518134715026
496.04639175257734
498.2923076923077
496.0255102040816
497.24873096446703
497.40909090909093
496.8793969849246
497.66
497.02985074626866
495.36138613861385
496.7881773399015
495.328431372549
494.0439024390244
492.3495145631068
490.1690821256039
487.99038461538464
488.9282296650718
487.45238095238096
490.6398104265403
493.1698113207547
503.9718309859155
504.1261682242991
504.57674418604654
502.3287037037037
501.7972350230415
499.57798165137615
498.99543378995435
502.75
501.3710407239819
501.35135135135135
502.32286995515693
500.42857142857144
498.28
496.14159292035396
495.5022026431718
494.5877192982456
497.0524017467249
496.45217391304345
494.61038961038963
493.1465517241379
491.16738197424894
489.0854700854701
487.77872340425535
490.75847457627117
490.57805907172997
488.62605042016804
486.9539748953975
490.4375
488.9502074688797
487.2107438016529
488.04938271604937
487.12295081967216
485.8489795918367
484.0325203252033
484.2712550607287
485.6008064516129
489.5301204819277
488.008
486.8685258964143
485.0238095238095
483.84584980237156
482.20866141732284
480.7372549019608
480.63671875
479.83268482490274
479.51937984496124
478.6216216216216
476.8884615384615
475.4061302681992
474.64885496183206
473.8403041825095
472.13257575757575
471.53584905660375
470.99624060150376
470.21722846441946
472.29477611940297
472.0111524163569
470.26296296296294
469.4169741697417
469.5
467.8205128205128
466.2846715328467
467.09090909090907
467.0072463768116
466.927797833935
466.2841726618705
464.6989247311828
466.10357142857146
466.11387900355874
466.6099290780142
465.7279151943463
466.44718309859155
466.16491228070174
466.73426573426576
465.18118466898954
465.15277777777777
464.42214532871975
464.66896551724136
466.0034364261168
465.3013698630137
463.740614334471
464.6734693877551
464.2067796610169
462.72297297297297
461.36026936026934
459.9127516778523
459.6488294314381
458.8666666666667
457.66112956810633
456.42715231788077
457.6864686468647
456.5263157894737
455.87540983606556
455.16339869281046
453.84364820846906
454.0292207792208
453.22977346278316
452.48064516129034
452.4630225080386
452.0673076923077
454.35463258785944
453.72929936305735
453.0730158730159
454.6012658227848
453.5078864353312
454.3867924528302
453.7492163009404
454.91875
454.7632398753894
453.9968944099379
454.8606811145511
453.4783950617284
454.12307692307695
455.43865030674846
455.04587155963304
455.9725609756098
455.32826747720367
455.96060606060604
457.1359516616314
455.8524096385542
456.3183183183183
455.4341317365269
454.4537313432836
454.0863095238095
454.0919881305638
453.47633136094674
455.43362831858406
456.15
455.8123167155425
457.7514619883041
456.5860058309038
455.55232558139534
454.9391304347826
453.94797687861274
453.4380403458213
454.8735632183908
457.9942693409742
459.42
458.4757834757835
457.51420454545456
457.1756373937677
458.183615819209
457.030985915493
456.435393258427
460.6106442577031
460.0027932960894
459.7353760445682
459.65277777777777
458.98891966759004
458.03314917127074
457.8402203856749
458.4230769230769
464.55890410958904
466.42622950819674
465.15531335149865
464.0597826086956
463.4037940379404
462.5486486486486
463.35849056603774
464.997311827957
465.16353887399464
464.668449197861
464.07466666666664
464.4813829787234
467.2466843501326
466.3253968253968
465.51715039577834
464.4184210526316
464.20734908136484
463.25916230366494
462.7206266318538
462.6927083333333
462.62077922077924
463.99481865284974
465.38501291989667
464.7680412371134
464.3033419023136
468.9384615384615
468.31969309462914
468.61224489795916
467.47837150127225
469.2233502538071
468.60506329113923
467.489898989899
466.5415617128464
467.3894472361809
466.31328320802004
468.89
468.4413965087282
468.1741293532338
468.09181141439205
467.43564356435644
466.679012345679
465.8645320197044
464.72727272727275
465.94607843137254
470.52567237163817
469.6707317073171
469.2287104622871
470.13349514563106
469.26150121065376
468.5869565217391
468.58795180722893
469.8870192307692
469.1798561151079
468.2081339712919
468.4272076372315
467.6166666666667
466.55106888361047
466.46445497630333
465.709219858156
465.79009433962267
467.92470588235295
467.36854460093895
467.3817330210773
467.7429906542056
467.16783216783216
467.07674418604654
466.1461716937355
467.0324074074074
466.9838337182448
465.9884792626728
465.17931034482757
466.2133027522936
465.233409610984
467.57990867579906
467.48291571753987
467.1409090909091
466.4716553287982
466.0972850678733
465.46726862302484
465.1801801801802
464.1887640449438
463.2017937219731
462.7337807606264
462.18080357142856
461.1603563474388
460.22
459.92017738359203
459.1858407079646
458.3465783664459
457.9383259911894
457.44395604395606
457.7872807017544
460.91684901531727
461.1113537117904
460.77777777777777
460.1282608695652
459.25596529284167
458.83549783549785
457.8552915766739
458.31681034482756
459.5849462365591
458.87982832618025
458.389721627409
457.6388888888889
457.10234541577825
456.54468085106384
455.94267515923565
455.34110169491527
455.4651162790698
454.6476793248945
453.73052631578946
452.9117647058824
451.97484276729557
451.2154811715481
450.3590814196242
449.7625
448.84407484407484
448.402489626556
447.89233954451345
447.25619834710744
446.4329896907216
445.880658436214
444.98357289527723
444.32377049180326
443.6319018404908
443.9734693877551
443.58859470468434
443.8170731707317
443.06693711967546
442.8400809716599
442.42424242424244
442.51209677419354
445.1529175050302
445.1847389558233
444.86573146292585
444.07
443.8682634730539
443.0916334661355
443.3638170974155
443.2281746031746
442.44752475247526
442.7905138339921
442.84615384615387
442.99015748031496
443.9764243614931
443.92549019607844
443.279843444227
442.533203125
442.046783625731
441.5408560311284
440.9805825242718
440.6065891472868
441.18955512572535
440.41698841698843
439.7976878612717
439.075
438.55854126679463
439.08045977011494
438.74378585086043
438.043893129771
437.37142857142857
436.6996197718631
435.9278937381404
435.7746212121212
435.9905482041588
435.3641509433962
435.2542372881356
435.45676691729324
435.5534709193246
435.8689138576779
435.14392523364484
434.77985074626866
434.8435754189944
434.5185873605948
433.71243042671614
434.4648148148148
434.6598890942699
436.0793357933579
436.8232044198895
437.8897058823529
437.4697247706422
438.2600732600733
438.23400365630715
437.56021897810217
437.1821493624772
436.61636363636364
436.01451905626135
435.7463768115942
435.7920433996383
436.3375451263538
436.04324324324324
435.4064748201439
434.737881508079
434.578853046595
435.5134168157424
435.10714285714283
434.7736185383244
435.6423487544484
435.0355239786856
435.1099290780142
438.15575221238936
438.40636042402826
438.70723104056435
438.65845070422534
437.9525483304042
438.6771929824561
438.1786339754816
438.0804195804196
438.1483420593368
440.91811846689893
440.37739130434784
440.38715277777777
441.9150779896014
442.6747404844291
442.98791018998276
443.1224137931035
442.3855421686747
441.95017182130584
441.74271012006864
441.56164383561645
440.81538461538463
441.5716723549488
441.1976149914821
440.46598639455783
440.47028862478777
441.2983050847458
443.55499153976314
443.0912162162162
443.8414839797639
443.2542087542088
442.5260504201681
442.3724832214765
441.74539363484087
442.39130434782606
442.4440734557596
441.89166666666665
443.2362728785358
442.89867109634554
442.2520729684909
441.77317880794703
441.6677685950413
443.3003300330033
442.62108731466225
442.64144736842104
442.4696223316913
443.8016393442623
443.38788870703763
444.65359477124184
443.9657422512235
443.48371335504885
443.0894308943089
442.4301948051948
442.28849270664506
442.82362459546925
442.30210016155087
441.7774193548387
441.38325281803543
441.2508038585209
440.8218298555377
440.9919871794872
440.368
441.4888178913738
440.8915470494418
441.2722929936306
440.6120826709062
440.9
442.0966719492869
442.8117088607595
442.46445497630333
441.7665615141956
441.54330708661416
441.23899371069183
442.138147566719
441.4608150470219
441.5978090766823
440.94375
442.73166926677067
442.27881619937693
442.4774494556765
443.0900621118012
445.92558139534884
446.3173374613003
446.05255023183923
445.7746913580247
445.27272727272725
444.6369230769231
444.5284178187404
444.17944785276075
444.3476263399694
443.9250764525994
444.05190839694654
443.657012195122
443.248097412481
444.0607902735562
443.50682852807284
445.75151515151515
445.4175491679274
445.2416918429003
444.69079939668177
444.2936746987952
443.90526315789475
443.3858858858859
444.4152923538231
445.1317365269461
445.4289985052317
445.21492537313435
444.9865871833085
444.6845238095238
444.3209509658247
444.6572700296736
444.26222222222225
444.56065088757396
444.2570162481536
444.3200589970501
443.79086892488954
443.4455882352941
442.87812041116007
442.816715542522
442.56076134699856
442.14912280701753
442.0613138686131
442.07142857142856
441.93886462882097
442.625
442.5791001451379
442.0971014492754
441.52821997105644
441.242774566474
441.11399711399713
440.52017291066284
440.1251798561151
440.23994252873564
439.6642754662841
439.08022922636104
438.87410586552215
438.5628571428571
439.2382310984308
438.62393162393164
438.3499288762447
438.09232954545456
437.4808510638298
437.271954674221
436.9024045261669
436.36299435028246
435.82792665726373
435.2154929577465
434.8537271448664
434.44101123595505
433.96633941093967
434.33053221288515
435.64335664335664
435.7486033519553
436.0
436.1991643454039
436.1961057023644
435.6694444444444
435.80998613037445
435.6371191135734
435.179806362379
434.8011049723757
434.57103448275865
434.12258953168043
433.76616231086655
433.39285714285717
432.87242798353907
432.3931506849315
431.87277701778385
431.39207650273227
430.99727148703954
430.7043596730245
430.2394557823129
430.0625
429.82360922659433
429.44444444444446
429.3558863328823
429.3445945945946
429.3238866396761
428.7654986522911
428.8048452220727
428.9153225806452
428.4953020134228
428.37131367292227
428.5769745649264
428.03208556149735
428.82777036048066
428.40933333333334
428.23435419440744
427.718085106383
427.26826029216465
426.9549071618037
428.8
428.32804232804233
428.1994715984148
427.69920844327174
427.23978919631094
427.075
426.9369250985545
426.7217847769029
426.3211009174312
425.84293193717275
426.05751633986927
425.84986945169715
425.4263363754889
425.2200520833333
424.8777633289987
424.87792207792205
424.5408560311284
424.3160621761658
423.79042690815004
423.39405684754524
423.1483870967742
422.77061855670104
422.43758043758044
422.17352185089976
421.6354300385109
421.24615384615385
421.4199743918054
421.074168797954
421.57088122605364
421.7104591836735
421.3235668789809
420.8765903307888
420.4637865311309
420.0431472081218
419.63624841571607
419.4
418.98862199747157
418.8989898989899
418.46279949558635
418.0251889168766
418.0779874213836
417.8467336683417
417.42158092848183
417.0062656641604
416.59949937421777
416.72375
416.5605493133583
416.06857855361596
415.67123287671234
415.8196517412935
415.32173913043476
415.045905707196
414.5514250309789
414.3180693069307
413.93695920889985
413.4716049382716
413.1109741060419
413.08251231527095
412.8610086100861
412.74078624078624
412.2932515337423
412.06495098039215
411.6425948592411
411.36185819070903
411.07203907203905
410.74024390243903
410.3836784409257
410.5377128953771
410.1543134872418
410.0898058252427
409.61454545454546
409.1464891041162
408.66989117291416
408.3526570048309
408.05307599517494
407.8698795180723
407.44524669073405
407.25240384615387
406.7923169267707
406.3285371702638
405.87784431137726
405.8337320574163
405.34886499402626
405.3615751789976
405.0357568533969
404.85833333333335
404.45184304399527
404.0059382422803
404.09134045077104
404.0781990521327
403.92899408284023
403.54373522458627
403.3293978748524
403.0872641509434
402.8244994110718
402.6070588235294
402.29024676850764
402.0176056338028
401.67057444314185
401.24355971896955
400.9730994152047
400.6460280373832
400.3278879813302
399.97902097902096
400.023282887078
399.66279069767444
399.5737514518002
399.3155452436195
398.9803012746234
399.099537037037
398.6485549132948
398.2217090069284
397.81891580161476
397.4884792626728
397.1841196777906
396.85172413793106
396.48564867967855
396.5
396.2371134020619
395.9096109839817
395.5931428571429
395.5068493150685
395.6168757126568
395.3234624145786
394.9556313993174
394.55454545454546
394.48921679909193
394.1984126984127
393.8187995469989
393.3744343891403
392.95706214689267
392.6738148984199
392.27733934611047
391.8783783783784
391.51181102362204
391.40337078651686
391.0145903479237
390.65695067264573
390.30347144456886
389.92393736017897
389.53296089385475
389.09933035714283
388.7324414715719
388.5122494432071
388.18242491657395
387.81
387.77247502774696
387.38248337028824
386.9922480620155
386.6106194690266
386.21546961325964
385.8973509933775
385.8809261300992
385.5011013215859
385.0913091309131
384.6857142857143
384.3402854006586
383.96491228070175
383.65826944140196
383.29431072210065
382.89071038251365
382.48471615720524
382.1090512540894
381.7636165577342
381.3873775843308
381.02065217391305
380.7676438653637
380.4295010845987
380.04442036836406
379.8073593073593
379.4291891891892
379.3153347732181
378.9611650485437
378.5991379310345
378.3519913885899
377.98602150537636
377.61331901181524
377.30257510729615
377.2658092175777
376.9057815845824
376.5433155080214
376.1794871794872
375.8986125933831
375.53411513859277
375.1671991480298
374.86063829787236
374.5143464399575
374.17091295116774
373.81442205726404
373.7669491525424
373.57566137566135
373.2188160676533
372.9208025343189
372.56962025316454
372.304531085353
371.95473684210526
371.71819137749736
371.3718487394958
371.09338929695696
370.7672955974843
370.4303664921466
370.1642259414226
369.7962382445141
369.42066805845513
369.0594369134515
368.721875
368.4869927159209
368.1143451143451
367.7528556593977
367.3941908713693
367.0580310880829
366.76604554865423
366.48190279214066
366.12396694214874
365.7605779153767
365.4639175257732
365.1050463439753
364.9434156378601
364.64131551901335
364.29979466119096
363.95897435897433
363.6321721311475
363.3254861821904
362.96216768916156
362.60163432073546
362.2918367346939
361.9347604485219
361.5987780040733
361.32451678535097
360.9918699186992
360.66294416243653
360.3468559837728
360.0729483282675
359.71153846153845
359.360970677452
359.01616161616164
358.71846619576183
358.4203629032258
358.1641490433031
357.8098591549296
357.58592964824123
357.24196787148594
356.92176529588767
356.61623246492985
356.3533533533533
356.173
355.83616383616385
355.5309381237525
355.4117647058824
355.08067729083666
354.7731343283582
354.5
354.29394240317777
354.0238095238095
353.7185332011893
353.54455445544556
353.3194856577646
353.05830039525694
352.7305034550839
352.4694280078895
352.18423645320195
351.85925196850394
351.5575221238938
351.2318271119843
350.91658488714427
350.61960784313726
350.29970617042113
349.99608610567515
349.69599217986314
349.40234375
349.0946341463415
348.83820662768034
348.5306718597858
348.19941634241246
347.87560738581146
347.54271844660195
347.22017458777884
346.9244186046512
346.80058083252663
346.4961315280464
346.2386473429952
345.95366795366795
345.6354869816779
345.3256262042389
345.00769971126084
344.7105769230769
344.4034582132565
344.11996161228404
343.8072866730585
343.73754789272033
343.4401913875598
343.15009560229447
342.9971346704871
342.69465648854964
342.37464251668257
342.1295238095238
341.84110371075167
341.53897338403044
341.2478632478632
340.96110056925994
340.6473933649289
340.3560606060606
340.03784295175024
339.7240075614367
339.4173748819641
339.111320754717
338.82469368520265
338.5442561205273
338.28410159924744
338.00845864661653
337.7699530516432
337.4784240150094
337.17619493908154
336.98689138576776
336.68755846585594
336.41308411214953
336.20821661998133
335.9225746268657
335.61416589002795
335.34264432029795
335.0613953488372
334.792750929368
334.4948932219127
334.20593692022265
333.9805375347544
333.6740740740741
333.40055504162814
333.10998151571164
332.8337950138504
332.56826568265683
332.26912442396315
331.96500920810314
331.6752529898804
331.40625
331.1184573002755
330.83119266055047
330.63153070577454
330.3369963369963
330.0594693504117
329.76599634369285
329.5132420091324
329.2235401459854
328.97903372835003
328.69398907103823
328.41492265696087
328.1218181818182
327.83832879200725
327.5607985480944
327.29193109700816
327.00996376811594
326.7547511312217
326.4855334538879
326.2321589882566
325.9738267148014
325.6816952209197
325.5081081081081
325.22322232223223
324.9397482014389
324.6585804132974
324.37073608617595
324.0932735426009
323.8189964157706
323.5416293643689
323.2593917710197
322.99553172475424
322.74017857142854
322.4879571810883
322.2700534759358
321.9928762243989
321.7224199288256
321.4568888888889
321.18028419182946
320.89973380656613
320.6498226950355
320.3746678476528
320.12389380530976
319.86737400530507
319.6643109540636
319.3821712268314
319.10141093474425
318.8458149779736
318.5853873239437
318.34036939313984
318.1467486818981
317.9122036874451
317.63684210526316
317.36196319018404
317.10858143607703
316.86526684164477
316.60402097902096
316.36855895196504
316.0994764397906
315.85091543156057
315.5932055749129
315.34812880765884
315.18434782608693
314.9383145091225
314.7248263888889
314.510841283608
314.25996533795495
314.0060606060606
313.75
313.49870354364737
313.24784110535404
312.98101811906815
312.7155172413793
312.45219638242895
312.21772805507743
311.9527085124678
311.6950171821306
311.4317596566524
311.17495711835335
310.9160239931448
310.65410958904107
310.3969204448246
310.15982905982906
309.90264730999144
309.65273037542664
309.39556692242115
309.1541737649063
308.8944680851064
308.63860544217687
308.3959218351742
308.15449915110355
307.9067005937235
307.6635593220339
307.43268416596106
307.1852791878173
306.94167371090447
306.6967905405405
306.44556962025314
306.1981450252951
305.955349620893
305.706228956229
305.4718250630782
305.2436974789916
305.01511335012594
304.7743288590604
304.5314333612741
304.3023450586265
304.0543933054393
303.85367892976586
303.60568086883876
303.38647746243737
303.1809841534612
302.9716666666667
302.74937552039967
302.50249584026625
302.2660016625104
302.02906976744185
301.8821576763485
301.6401326699834
301.39519469759733
301.1581125827815
300.9164598842018
300.698347107438
300.4649050371594
300.233498349835
299.9934047815334
299.7792421746293
299.5448559670782
299.34950657894734
299.1101068200493
298.871921182266
298.66858080393763
298.42459016393445
298.1998361998362
297.9967266775777
297.77187244480785
297.5359477124183
297.2987755102041
297.0611745513866
296.82722086389566
296.5952768729642
296.37103336045567
296.1430894308943
295.91470349309503
295.68831168831167
295.46715328467155
295.2293354943274
295.0048582995951
294.77588996763757
294.54890864995957
294.33279483037154
294.1178369652946
293.883064516129
293.665592264303
293.4500805152979
293.23330651649235
293.0176848874598
292.7991967871486
292.5722311396469
292.34322373696875
292.1145833333333
291.9167333867094
291.6888
291.4740207833733
291.24840255591056
291.0319233838787
290.8030303030303
290.57689243027886
290.35350318471336
290.1439936356404
289.9356120826709
289.74185861795075
289.55079365079365
289.33465503568596
289.121236133122
289.0459224069675
288.8370253164557
288.6181818181818
288.40047393364927
288.1941594317285
287.98580441640377
287.8100866824271
287.6015748031496
287.390243902439
287.1666666666667
286.9528672427337
286.7425431711146
286.52078431372547
286.29937304075236
286.07517619420514
285.8622848200313
285.6810007818608
285.47265625
285.26229508196724
285.0600624024961
284.84957131722524
284.62928348909657
284.41789883268484
284.2045101088647
283.997668997669
283.7833850931677
283.5694336695112
283.3565891472868
283.1471727343145
282.9404024767802
282.73936581593193
282.52318392581145
282.3119691119691
282.0979938271605
281.8858905165767
281.68104776579355
281.47036181678214
281.25615384615384
281.05611068408916
280.8701996927803
280.65848042977746
280.4723926380368
280.27662835249043
280.06278713629405
279.8530986993114
279.684250764526
279.48204736440033
279.27862595419845
279.0785659801678
278.8696646341463
278.66412795125666
278.4665144596651
278.2722433460076
278.06534954407294
277.8883826879271
277.68816388467377
277.49962092494314
277.3189393939394
277.1370174110522
276.9341906202723
276.73696145124717
276.535498489426
276.3328301886792
276.13574660633486
275.9464958553127
275.75
275.54552294958614
275.3413533834586
275.1344853493614
274.93393393393393
274.73818454613655
274.53748125937034
274.3445692883895
274.1444610778443
273.9566192969334
273.7757847533632
273.61538461538464
273.42388059701494
273.25801640566743
273.0655737704918
272.87267311988086
272.6748511904762
272.4907063197026
272.29420505200596
272.10096510764663
271.90356083086056
271.7042253521127
271.5140740740741
271.3264248704663
271.14127218934914
270.9519586104952
270.7570162481536
270.57047970479704
270.38421828908554
270.20338983050846
270.02282768777616
269.84179543782193
269.6602941176471
269.48273328434976
269.3076358296623
269.1232575201761
268.9376832844575
268.7479853479853
268.5666178623719
268.37673738112653
268.1937134502924
268.00949598246893
267.8233576642336
267.64551422319477
267.45553935860056
267.2665695557174
267.0858806404658
266.9054545454545
266.7223837209302
266.56499636891795
266.40275761973874
266.2117476432197
266.0355072463768
265.8522809558291
265.6657018813314
265.4880694143167
265.2984104046243
265.14296028880864
264.96320346320346
264.77361211247296
264.6599423631124
264.4787616990641
264.2985611510791
264.1524083393242
263.9777298850575
263.7968413496052
263.60832137733144
263.43655913978495
263.26647564469914
263.0937723693629
262.90844062947065
262.72337383845604
262.5407142857143
262.35831548893646
262.1840228245364
262.02423378474697
261.85470085470087
261.68398576512453
261.51066856330016
261.3333333333333
261.16264204545456
260.98509581263306
260.836170212766
260.65768958185686
260.4745042492918
260.3029016277424
260.12659123055164
259.9427561837456
259.771186440678
259.5956245589273
259.4231311706629
259.24947145877377
259.0683098591549
258.89303307529906
258.72151898734177
258.5586788475053
258.3813202247191
258.2133333333333
258.04908835904627
257.87666433076384
257.7002801120448
257.52834149755074
257.35804195804195
257.18588399720477
257.0125698324022
256.8367062107467
256.663179916318
256.49337979094076
256.325208913649
256.15796798886566
256.0034770514604
255.8387769284225
255.66736111111112
255.5024288688411
255.33148404993065
255.2051282051282
255.0360110803324
254.8650519031142
254.7005532503458
254.53351762266757
254.35773480662982
254.20289855072463
254.03793103448277
253.87181254307373
253.70454545454547
253.53682037164486
253.3700137551582
253.21099656357387
253.0686813186813
252.89979409746053
252.73799725651577
252.56819739547635
252.4082191780822
252.24024640657083
252.0704514363885
251.90088858509912
251.73155737704917
251.5692832764505
251.39768076398363
251.23449216087252
251.07016348773843
250.9074200136147
250.73877551020408
250.57443915703604
250.41508152173913
250.25186693822133
250.21302578018995
250.05084745762713
249.90311653116532
249.74813811780638
249.58119079837618
249.42258282623393
249.28243243243244
249.11951384199864
248.96153846153845
248.80040458530007
248.63814016172506
248.48619528619528
248.33310901749664
248.1876260928043
248.04637096774192
247.88045668233713
247.71677852348992
247.5741113346747
247.41756032171583
247.26322839919624
247.10843373493975
246.94983277591973
246.8168449197861
246.6619906479626
246.5
246.33755837224817
246.23866666666666
246.08994003997336
245.94074567243675
245.78376580172988
245.63364361702128
245.48039867109634
245.33532536520585
245.19442601194427
245.03779840848807
244.87740225314778
244.7158940397351
244.58305757776307
244.4292328042328
244.27098479841374
244.11558784676353
243.98613861386139
243.83179419525067
243.68622280817402
243.53754940711462
243.39368005266624
243.24539473684212
243.1051939513478
242.95860709592642
242.8069599474721
242.65944881889763
242.5206557377049
242.36304062909568
242.2121807465619
242.06348167539267
241.91039895356442
241.76928104575163
241.61397779229262
241.46605744125327
241.32289628180038
241.17014341590613
241.01693811074918
240.87239583333334
240.71763175016267
240.5663198959688
240.4275503573749
240.27662337662338
240.13238157040882
239.98832684824902
239.83862605314323
239.69106217616581
239.54563106796115
239.39133247089262
239.26632191338075
239.12467700258398
239.00322788896062
238.86129032258066
238.70857511283043
238.56443298969072
238.42240824211203
238.27541827541828
238.14019292604502
237.9987146529563
237.85934489402698
237.7124518613607
237.56254008980116
237.4128205128205
237.27290198590646
237.13636363636363
236.98912348048626
236.8420716112532
236.69840255591055
236.55874840357598
236.41544352265475
236.2940051020408
236.1504142766093
236.0063694267516
235.86059834500318
235.7175572519084
235.57215511760967
235.43456162642948
235.29142857142858
235.14276649746193
235.00253646163603
234.85804816223066
234.709309689677
234.57911392405063
234.4471853257432
234.30467762326168
234.1610865445357
234.0340909090909
233.89463722397477
233.75725094577552
233.61373660995588
233.48677581863979
233.34612964128382
233.21006289308175
233.07039597737273
232.9396984924623
232.80100439422472
232.67314930991216
232.53103448275863
232.40162907268171
232.26299311208516
232.1439299123905
232.0081300813008
231.86375
231.74828232354778
231.61111111111111
231.4759825327511
231.35162094763092
231.21619937694703
231.07409713574097
230.93341630367144
230.79850746268656
230.67060285891858
230.52981366459628
230.38919925512104
230.25620347394542
230.1184128952263
229.98451053283767
229.85015479876162
229.71720297029702
229.57823129251702
229.44993819530285
229.3218035824583
229.1925925925926
229.05367057371993
228.9198520345253
228.79913739987677
228.66810344827587
228.5316923076923
228.4760147601476
228.3540258143823
228.22297297297297
228.0865561694291
227.96257668711655
227.82342121397915
227.6924019607843
227.57256582976117
227.44981640146878
227.31865443425076
227.18581907090464
227.0543677458766
226.92124542124543
226.80536912751677
226.68536585365854
226.55819622181596
226.4293544457978
226.29701765063908
226.17092457420924
226.04863221884497
225.93803159173754
225.8148148148148
225.7384708737864
225.61491813220132
225.48363636363635
225.34948516050878
225.22820823244552
225.10889292196006
224.98186215235793
224.84592145015105
224.71920289855072
224.58901629450816
224.46562123039806
224.333936106088
224.2012048192771
224.07585791691753
223.9638989169675
223.83583884546002
223.70673076923077
223.5771771771772
223.453181272509
223.32273545290943
223.1918465227818
223.0736968244458
222.9437125748503
222.81328545780968
222.68301435406698
222.55528989838612
222.42592592592592
222.30029850746268
222.17959427207637
222.05187835420392
221.92312276519667
221.7980941036331
221.6827380952381
221.55145746579416
221.435790725327
221.31550802139037
221.38301662707838
221.26824925816024
221.13760379596678
221.00829875518673
220.9170616113744
220.79336885731203
220.6644970414201
220.53755174452985
220.4208037825059
220.32782043709392
220.20661157024793
220.08200589970502
219.95754716981133
219.84796700058928
219.7243816254417
219.6027074749853
219.48117647058822
219.35684891240447
219.24206815511164
219.17909571344686
219.23474178403757
219.11554252199414
218.99355216881594
218.86877562975982
218.7423887587822
218.61790520772382
218.493567251462
218.36937463471654
218.2646028037383
218.16754232340924
218.05017502917153
217.93586005830903
217.81526806526807
217.69306930693068
217.5756693830035
217.456660849331
217.3331395348837
217.21266705403835
217.09233449477352
216.9762042948346
216.85324825986078
216.73565217391305
216.61877172653533
216.5049218297626
216.38136574074073
216.2596876807403
216.135838150289
216.0213749277874
215.89838337182448
215.78418926716677
215.66147635524797
215.54466858789624
215.42569124423963
215.30857800805987
215.1904487917146
215.0764807360552
214.96149425287356
214.84491671453188
214.72388059701493
214.6029833620195
214.4908256880734
214.37191977077364
214.2691867124857
214.16084716657127
214.05434782608697
213.93710691823898
213.82285714285715
213.7058823529412
213.59303652968038
213.4814603536794
213.36431014823262
213.24615384615385
213.127562642369
213.01024473534434
212.8924914675768
212.77430358158045
212.65568181818182
212.53776263486657
212.4216799091941
212.30232558139534
212.18764172335602
212.07195467422096
211.95696489241223
211.8443689869836
211.72794117647058
211.62577727529677
211.5090395480226
211.3896103896104
211.27595936794583
211.16920473773266
211.05242390078917
210.93971830985916
210.82432432432432
210.71074845244794
210.59617547806525
210.47948285553682
210.36629213483147
210.25715889949467
210.1470258136925
210.03084688726864
209.9226457399103
209.80728291316527
209.69540873460247
209.57974258533855
209.46420581655482
209.35103409726105
209.236312849162
209.1250697934115
209.01897321428572
208.9085331846068
208.79877369007804
208.6857938718663
208.57126948775056
208.46021146355037
208.34705228031146
208.23457476375765
208.12166666666667
208.0138811771238
207.9067702552719
207.79534109816973
207.68458980044346
207.57950138504154
207.4734219269103
207.36856668511345
207.25497787610618
207.14151464897733
207.0270718232044
206.91993373826614
206.82008830022076
206.71042471042472
206.68687982359427
206.5939393939394
206.49118942731278
206.3830489818382
206.2953795379538
206.18526663001649
206.07417582417582
205.9670510708402
205.86333699231614
205.76028524410313
205.65296052631578
205.54082191780822
205.42880613362541
205.3223864258347
205.2133479212254
205.10442864953527
204.99289617486338
204.88367012561443
204.77620087336246
204.6683033278778
204.56543075245366
204.4539509536785
204.3442265795207
204.23407729994557
204.12894450489662
204.0195758564437
203.91793478260868
203.8310700706138
203.73344191096635
203.6342919153554
203.5347071583514
203.4271002710027
203.32394366197184
203.2171088251218
203.11417748917748
203.0151433207139
202.90702702702703
202.80659103187466
202.6987041036717
202.59471127900702
202.49244875943904
202.3876010781671
202.2855603448276
202.18093699515347
202.07750269106566
201.97525551371706
201.8768817204301
201.77162815690488
201.66648764769064
201.5673644659152
201.4656652360515
201.35871313672922
201.2668810289389
201.16497054097482
201.06316916488223
200.95666131621186
200.85294117647058
200.74933190807056
200.6469017094017
200.55098772023493
200.4530416221985
200.3568
200.2537313432836
200.1507725093234
200.04792332268372
199.94358701436934
199.8398936170213
199.74269005847952
199.63708820403826
199.5358470525757
199.43418259023355
199.33262599469495
199.23223753976671
199.15368309485956
199.0625
198.96029645314982
198.86349206349206
198.76731887890006
198.66490486257928
198.56365557316428
198.46515311510032
198.36728232189972
198.26845991561183
198.16868740115973
198.06691253951527
197.96893101632438
197.86789473684212
197.7774855339295
197.67665615141956
197.57645822385706
197.4747899159664
197.4010498687664
197.30640083945434
197.209229155742
197.11268343815513
197.0125720272394
196.9130890052356
196.81998953427524
196.72175732217573
196.61996863565082
196.51933124346917
196.4266318537859
196.33089770354906
196.2357850808555
196.14181438998958
196.04585721730066
195.95208333333332
195.85996876626757
195.7601456815817
195.66146645865834
195.5649688149688
195.46545454545455
195.37019730010385
195.27244421380385
195.17738589211618
195.0772420943494
194.9860103626943
194.89073019161057
194.79865424430642
194.70770822555613
194.6427094105481
194.54883720930232
194.4581611570248
194.36241610738256
194.2874097007224
194.1918514698298
194.0917525773196
193.99896960329727
193.90473738414005
193.81060216160577
193.71656378600824
193.6210796915167
193.5349434737924
193.442218798151
193.34856262833677
193.25654181631606
193.16358974358974
193.06868272680677
192.97540983606558
192.8847926267281
192.79017400204708
192.69718670076728
192.60685071574642
192.5222278998467
192.44279877425944
192.3491577335375
192.25510204081633
192.1652218255992
192.07645259938838
191.97860417727966
191.89816700611
191.80458015267175
191.7115971515768
191.6151499745806
191.52947154471545
191.4393092940579
191.3502538071066
191.25824454591577
191.16683569979716
191.0790674100355
190.99138804457954
190.89974683544304
190.81072874493927
190.72180070814366
190.62891809909
190.5421930267812
190.45050505050506
190.37102473498234
190.2840565085772
190.19062027231467
190.09727822580646
190.0065491183879
189.91842900302115
189.8283844992451
189.738430583501
189.64555052790348
189.5643216080402
189.47664490205926
189.39206827309238
189.3015554440542
189.20812437311935
189.1233082706767
189.04008016032063
188.95843765648473
188.87537537537537
188.78389194597298
188.699
188.60769615192405
188.5154845154845
188.42985521717424
188.3388223552894
188.25286783042395
188.16849451645064
188.0842052815147
187.99551792828686
187.9029367844699
187.8134328358209
187.73744405768275
187.65009940357854
187.57029309488325
187.4801390268123
187.39156327543424
187.30059523809524
187.2211204759544
187.13181367690783
187.04952947003468
186.97821782178218
186.91538842157348
186.83184965380812
186.7508650519031
186.66106719367588
186.57876543209878
186.50394866732478
186.4153922052294
186.32642998027615
186.2400197141449
186.1551724137931
186.06991629739045
185.98228346456693
185.89522872602066
185.80973451327435
185.72235872235873
185.635068762279
185.55130093274423
185.4676153091266
185.3805787150564
185.29166666666666
185.20725134737873
185.12047012732614
185.0362212432697
184.95205479452054
184.8645476772616
184.77956989247312
184.70346849047385
184.61572265625
184.52903855539287
184.44390243902438
184.36079960994635
184.28118908382066
184.19629810034095
184.11148977604674
184.0243309002433
183.93920233463035
183.85853184248907
183.77891156462584
183.70325400679943
183.62233009708737
183.53808830664727
183.45635305528614
183.3713039263209
183.28246124031008
183.20193704600484
183.12003872216843
183.0353168843735
182.9487427466151
182.8675688738521
182.80676328502415
182.72959922742638
182.64527027027026
182.55957549445247
182.47685631629702
182.39518072289155
182.3097302504817
182.23110255175735
182.15062560153993
182.06734006734007
181.98413461538462
181.89764536280634
181.81508165225745
181.72923667786847
181.64539347408828
181.56930455635492
181.49328859060404
181.41111643507426
181.32998084291188
181.251795117281
181.1760765550239
181.09038737446198
181.00860420650096
180.92259913999044
180.84574976122255
180.76706443914082
180.69370229007635
180.61039580352886
180.53002859866538
180.4449737970462
180.36333333333334
180.286530223703
180.20504281636536
180.11982881597717
180.04420152091254
179.9605700712589
179.88556505223173
179.8049359278595
179.72296015180265
179.64627785680418
179.56303317535546
179.48934154429182
179.40482954545453
179.329389493611
179.25023651844845
179.1758865248227
179.10255198487712
179.0288143599433
178.95184135977337
178.87588485134498
178.7938679245283
178.71758604431872
178.63713477851084
178.56476683937825
178.48634651600753
178.40564705882352
178.3236124176858
178.2449459332393
178.16353383458647
178.08736496007515
178.0112676056338
177.94274988268418
177.86679174484053
177.79137365213313
177.71462043111526
177.6543325526932
177.5749063670412
177.50304164716894
177.4246959775491
177.3758765778401
177.29392523364487
177.21438580102756
177.1358543417367
177.06719552029864
176.98787313432837
176.9072261072261
176.8350419384902
176.76106194690266
176.68156424581005
176.6063285248953
176.5260465116279
176.46164574616458
176.40613382899627
176.3302368787738
176.25208913649024
176.17819025522041
176.10111317254174
176.02364394993046
175.9494902687674
175.88096340898565
175.82268518518518
175.74733919481722
175.66604995374652
175.59038372630604
175.51432532347505
175.43833718244804
175.3633425669437
175.28749423165667
175.20940959409594
175.139234670355
175.0626728110599
174.9847996315062
174.90791896869246
174.8338702254947
174.7571297148114
174.67816091954023
174.6043198529412
174.53008727606797
174.45638200183654
174.38595686094538
174.30779816513763
174.23062815222374
174.15719523373053
174.08153916628493
174.00503663003664
173.93180778032036
173.855901189387
173.78097850937357
173.71023765996344
173.6377341251713
173.56027397260274
173.48973071656778
173.41195255474452
173.33971728226174
173.26253418413856
173.1986332574032
173.15391621129325
173.08101957214384
173.00454959053684
172.93042291950886
172.85545454545453
172.7828259881872
172.7061762034514
172.63549704947798
172.56896551724137
172.49433106575964
172.42112420670898
172.3479836882646
172.2776268115942
172.207333635129
172.13393665158372
172.06286748077792
171.9900542495479
171.91730682331678
171.84056007226738
171.76839729119638
171.69720216606498
171.62471808750564
171.5536519386835
171.4835511491663
171.4081081081081
171.33858622242232
171.26417641764178
171.19163292847503
171.11645683453239
171.0440449438202
170.9694519317161
170.89582397844634
170.82764811490125
170.76043068640647
170.68744394618835
170.61272971761542
170.540770609319
170.46977160770265
170.39346463742166
170.32259507829977
170.25223613595708
170.17881090746536
170.1058981233244
170.03215721304153
169.9607142857143
169.88978134761268
169.82337198929528
169.74988854213106
169.6782531194296
169.6129175946548
169.5440783615316
169.4739652870494
169.40302491103202
169.32947976878611
169.25466666666668
169.18347401155043
169.11056838365897
169.03728362183756
168.96362023070097
168.8940133037694
168.83156028368793
168.7611874169251
168.68910540301152
168.61841522797698
168.54646017699116
168.47456877487838
168.40053050397879
168.3292090145824
168.25927561837455
168.19205298013244
168.12444836716682
168.0516100573445
167.9805996472663
167.91097399735565
167.8431718061674
167.7732276530163
167.70334507042253
167.6330840299164
167.56420404573439
167.49406593406593
167.43014059753955
167.36012296881862
167.29016681299385
167.22773146116717
167.1578947368421
167.08461201227533
167.01358457493427
166.94524748138414
166.87302977232926
166.80612691466084
166.73665791776028
166.66899868823788
166.5987762237762
166.53298383573613
166.46681222707423
166.40244434744653
166.33202443280976
166.27038813781073
166.205754141238
166.13856209150327
166.07229965156793
166.00261210274272
165.93342036553526
165.8664636798608
165.80869565217392
165.73837461973056
165.68071242397914
165.61571862787667
165.55251736111111
165.48373101952276
165.4137033824805
165.34243606415257
165.28899480069325
165.2195755738415
165.14978354978356
165.08005192557334
165.01340830449826
164.94379593601383
164.87381158167676
164.81252699784017
164.7465457685665
164.68062149331033
164.6134598792062
164.54376886589046
164.475
164.4084446359328
164.34194659776054
164.27507533362032
164.2078313253012
164.14236559139786
164.07695614789338
164.00945423291793
163.94243986254295
163.881064834693
163.81888412017167
163.75075075075074
163.6835334476844
163.61465923703386
163.54670094258782
163.4835117773019
163.4148116438356
163.35130509199828
163.29041916167665
163.23557075673364
163.17179487179487
163.105083297736
163.0401366353544
162.97481860862143
162.90784982935153
162.8405117270789
162.77195225916452
162.70430336599915
162.6405451448041
162.57343550446998
162.5059574468085
162.4393874946831
162.37457482993196
162.30981725456863
162.2442650807137
162.18301486199576
162.11714770797963
162.04879083580823
161.98558100084819
161.91776176345908
161.85508474576272
161.79034307496823
161.72565622353937
161.6584849767245
161.6002538071066
161.53403805496828
161.4683009298394
161.40557667934092
161.33952702702703
161.27902068383284
161.21308016877637
161.15141290594687
161.0872681281619
161.0219131900548
160.9570345408593
160.9018947368421
160.87373737373738
160.8321413546487
160.76703111858706
160.708280790248
160.64369747899158
160.59512809743805
160.52854743912678
160.4653797733949
160.40058724832215
160.33501048218028
160.27116512992455
160.20821114369502
160.14740368509212
160.08287986605274
160.02092050209205
159.9560853199498
159.89255852842808
159.8299206017551
159.77151211361738
159.70563674321502
159.64106844741235
159.57780559032125
159.51709758131776
159.45727386411005
159.39708333333334
159.33319450229072
159.26810990840966
159.20890553474823
159.14850249584026
159.08482328482327
159.02369077306733
158.96177814707104
158.89950166112956
158.8393524283935
158.7759336099585
158.71215263376192
158.65008291873963
158.588479071695
158.53231151615574
158.47080745341614
158.41142384105962
158.3496069507654
158.287841191067
158.23274080198428
158.18347107438018
158.1255679471293
158.06895127993394
158.0066033842344
157.94348184818483
157.87876288659794
157.81698268755153
157.75731355583025
157.69398682042834
157.6315356113627
157.5724279835391
157.51007815713697
157.44819078947367
157.3855322646938
157.3229252259655
157.26447638603696
157.20238095238096
157.14279852277392
157.0820344544709
157.02050020500204
156.95819672131148
156.8971732896354
156.83783783783784
156.77855096193204
156.71931260229132
156.66257668711657
156.5989370400654
156.53821005312628
156.4767156862745
156.42057982850142
156.36122448979592
156.30028559771523
156.2369494290375
156.1748878923767
156.11287693561533
156.05336048879838
155.99714983713355
155.93406593406593
155.8767290480065
155.81699877999188
155.75934959349593
155.70052824055261
155.642567018684
155.6276898091758
155.57142857142858
155.51480730223125
155.45742092457422
155.39562221321444
155.3375202593193
155.2746051032807
155.21214574898787
155.15256980979362
155.0906148867314
155.035584310554
154.9781729991916
154.91717171717173
154.85541195476574
154.7932983447719
154.73486682808718
154.6744655102864
154.6133064516129
154.55300282144296
154.4931506849315
154.43656866693516
154.37962962962962
154.32233400402416
154.2642799678198
154.20506634499398
154.14710610932477
154.09280835676978
154.0409638554217
153.98273785628263
153.92415730337078
153.88006417970317
153.8187650360866
153.76032064128256
153.70272435897436
153.6431718061674
153.58486789431547
153.53381352541015
153.4764
153.4174330267893
153.36370903277378
153.30882940471434
153.25519169329073
153.19920159680638
153.14006384676776
153.08336657359393
153.02910685805423
152.96931048226384
152.91474103585657
152.85623257666268
152.80891719745222
152.75288499801036
152.6945107398568
152.63976143141153
152.5810810810811
152.52681764004768
152.522239872915
152.4644700277888
152.4047619047619
152.35303451011504
152.29896907216494
152.24256837098693
152.18343898573693
152.12594059405941
152.0716547901821
152.01543332014245
151.95648734177215
151.8991696322657
151.84545454545454
151.78822599762938
151.73222748815166
151.67587840505328
151.6179952644041
151.56410256410257
151.50985804416405
151.4548679542767
151.39637509850274
151.33950374163055
151.28425196850392
151.22904368358914
151.17348544453188
151.11679119150608
151.05974842767296
151.00353634577604
150.94815396700707
150.8904593639576
150.83673469387756
150.78030600235385
150.72313725490196
150.6671893375147
150.61050156739813
150.56169212690952
150.50430696945966
150.44931506849315
150.39593114241
150.34219788815017
150.2869429241595
150.23251270027353
150.17734375
150.12846544318626
150.07416081186574
150.02341006632852
149.97464898595945
149.91617933723197
149.86048324240062
149.80677834047526
149.75623052959503
149.699883223044
149.64785992217898
149.59082069233762
149.53538102643856
149.48037310532453
149.42890442890442
149.38368932038836
149.33346273291926
149.2778424524641
149.2211016291699
149.16556804963164
149.1108527131783
149.0577295621852
149.00774593338497
148.9535423925668
148.9017027863777
148.84526112185688
148.79195668986853
148.73753382296096
148.68469860896445
148.62920046349942
148.57606177606178
148.5260517174836
148.47029320987653
148.41727728499808
148.3639167309175
148.3082851637765
148.25346687211095
148.20408163265307
148.1501154734411
148.09619084263178
148.0423076923077
147.98961937716263
147.94504227517294
147.89704187475988
147.84024577572964
147.78809980806142
147.7321565617805
147.6800920598389
147.62576687116564
147.57148332694518
147.5191570881226
147.46955189582536
147.4383614088821
147.38614619211634
147.33282325937262
147.2791586998088
147.22782874617738
147.17386320213984
147.12375859434684
147.0717831233295
147.01641221374047
146.96680656238078
146.91456903127383
146.86122760198245
146.80868902439025
146.75580952380952
146.7029702970297
146.6501712980586
146.59817351598173
146.54583491821987
146.4939163498099
146.4420372481946
146.39057750759878
146.3380174705659
146.28511769172363
146.23074003795065
146.17716236722308
146.1232461130072
146.0724033358605
146.02159909056462
145.97007575757576
145.91972737599394
145.87168811506436
145.8183881952327
145.76588502269288
145.71304347826086
145.65910808767953
145.60936909709105
145.55740181268882
145.50585126462815
145.45584905660377
145.4039984911354
145.3503016591252
145.29739917075008
145.24642049736246
145.19887005649719
145.1449548192771
145.09484380880693
145.04552294958614
144.99360661902972
144.9406015037594
144.88763622698235
144.835837716003
144.78558017273753
144.7331081081081
144.67954971857412
144.62640660165042
144.5740532433446
144.52173913043478
144.47283626826527
144.42059925093633
144.3818794459004
144.32859281437126
144.2779648335204
144.226626776365
144.17532710280375
144.12481315396113
144.07433694434067
144.0227781926811
143.97648376259798
143.925
143.87541961954494
143.82438478747204
143.77636973537085
143.72652757078987
143.67411545623835
143.62434847356664
143.5731298846297
143.52083333333334
143.46746002231313
143.4193308550186
143.37049424005946
143.31946508172362
143.27033048644634
143.22680029695618
143.17922077922077
143.12870919881306
143.07860585836113
143.03002223869532
142.98629121897
142.93592592592591
142.88448722695298
142.8364174685418
142.78542360340361
142.73557692307693
142.68539741219962
142.6382113821138
142.5873660879202
142.53729689807977
142.4872646733112
142.43726937269372
142.3898930284028
142.34070796460176
142.29155915960192
142.24170965364775
142.19337016574585
142.14506627393226
142.09606183290393
142.0467255334805
141.99816108863553
141.94963235294117
141.90150679897096
141.85047759000736
141.80352552331988
141.7555066079295
141.708623853211
141.66434336023477
141.61752841950863
141.5707478005865
141.5232685965555
141.47838827838828
141.4284145001831
141.38177159590043
141.33589462129527
141.28602779809802
141.24314442413163
141.19334795321637
141.14651077822433
141.09934258582908
141.05038335158818
141.00182481751824
140.95257205399488
140.90371991247264
140.85636164783085
140.80867346938774
140.76284153005466
140.71849963583395
140.66872952311613
140.62154294032024
140.57257184430702
140.52363636363637
140.47400945110869
140.42514534883722
140.3777697057755
140.33042846768336
140.2845735027223
140.2343976777939
140.1853463910047
140.1374184191443
140.08880028996012
140.04057971014493
139.99094530967042
139.94532947139754
139.89540354686935
139.84768451519537
139.8028933092224
139.75488069414317
139.7090711962414
139.66112716763007
139.61935716865295
139.57364620938628
139.5268856008661
139.48556998556998
139.44103858636856
139.39617880317232
139.3581981981982
139.3079971181556
139.25999279798344
139.21166306695466
139.16480748470673
139.11942446043165
139.0715569938871
139.0255212077642
138.9795185052102
138.9378591954023
138.89156193895872
138.84996410624552
138.80660208109077
138.77690100430416
138.73252061670848
138.68602150537635
138.6424220709423
138.59813753581662
138.55030433225923
138.50715819613458
138.46153846153845
138.4138054363376
138.37111190561316
138.32344531808434
138.2754555198285
138.23035714285714
138.18457693680827
138.14168451106352
138.0973956475205
138.0502853067047
138.00641711229946
137.95830363506772
137.91485571784824
137.869301994302
137.82235671057316
137.77864768683273
137.73461401636428
137.6877667140825
137.6427301813011
137.59452736318408
137.54955595026644
137.50355113636363
137.46361377351792
137.4233498935415
137.3763746009223
137.33085106382978
137.28394186458704
137.23848334514528
137.19164009918526
137.14695467422095
137.10230088495575
137.05732484076432
137.01131941987973
136.96605374823196
136.920820077766
136.87420494699646
136.82762274814553
136.78531073446328
136.743028591599
136.69795342272405
136.65114638447972
136.60578279266574
136.55939372576665
136.5123326286117
136.47058823529412
136.42570422535212
136.37873988032382
136.33180858550315
136.28807597608161
136.2429676511955
136.19543057996486
136.1514406184118
136.1057253249034
136.06074438202248
136.01404001404
135.97052631578947
135.92493861802876
135.8790322580645
135.83456011216265
135.791871058164
135.74570928196147
135.70378151260505
135.65803290164507
135.611266620014
135.56698146204965
135.52342657342658
135.4792030758476
135.43396226415095
135.38735592036326
135.34532122905028
135.3089005235602
135.2662247034194
135.22567143355423
135.1834030683403
135.14325548971766
135.097212543554
135.0536398467433
135.0090529247911
134.9648451096415
134.92032011134307
134.87721739130436
134.83344923504868
134.78832116788323
134.74913134120916
134.70649531087184
134.66354166666667
134.6206178410274
134.57529493407355
134.53208463406173
134.48994452149793
134.44575389948008
134.4022869022869
134.3591963976446
134.3150969529086
134.2724125995154
134.22768166089966
134.18505707367692
134.14038727524203
134.09574835810577
134.05183137525916
134.01588946459412
133.97341160220995
133.9292371418709
133.8847481021394
133.8420144877544
133.80172413793105
133.75629093416063
133.7129565816678
133.6710299689976
133.6305096418733
133.5879518072289
133.54507914659325
133.5032679738562
133.4614855570839
133.42110690959092
133.37731958762888
133.33596702164203
133.29326923076923
133.25128733264677
133.2072752230611
133.16295025728988
133.11831275720164
133.0754199520055
133.03495544893764
132.99417608770128
132.9527397260274
132.90961999315303
132.86995208761124
132.82483749572359
132.78556771545828
132.74324786324786
132.70334928229664
132.66416125726
132.61987704918033
132.57835438716285
132.53481228668943
132.49164107813033
132.44918144611188
132.40606887146268
132.36196319018404
132.31822827938672
132.27724795640327
132.23323118828736
132.19162695711367
132.14903028240897
132.10476190476192
132.06562393743624
132.0224337185588
131.98131158681616
131.94191576086956
131.90016977928693
131.8560760353021
131.8137088564642
131.77272727272728
131.72906069854187
131.6857627118644
131.64418841070824
131.6168699186992
131.57737893667456
131.53960731211916
131.5005076142132
131.46075778078483
131.4169766655394
131.3759296822177
131.3342345386955
131.29256756756757
131.2546437014522
131.21370695476028
131.17043536955788
131.12854251012146
131.08667790893762
131.04619015509104
131.0047185709471
130.96462264150944
130.92388009430786
130.88282828282829
130.84483338943116
130.80248990578735
130.76084762865793
130.72158708809684
130.68
130.6377688172043
130.59556600604637
130.5530557421088
130.50956696878146
130.46979865771812
130.42737336464273
130.38531187122737
130.34696614146833
130.30428954423593
130.26231155778893
130.2217012726055
130.18044861064612
130.13989290495314
130.0983606557377
130.05652173913043
130.01838849882984
129.975935828877
129.9335115268961
129.8934535738143
129.8540901502504
129.81308411214954
129.77344010677345
129.73348899266176
129.6918972990997
129.65066666666667
