197.0
110.5
80.66666666666667
60.5
82.0
79.66666666666667
69.14285714285714
60.5
55.44444444444444
51.9
47.36363636363637
50.833333333333336
49.23076923076923
46.5
43.666666666666664
41.0625
40.05882352941177
44.388888888888886
42.578947368421055
40.45
38.666666666666664
37.09090909090909
35.91304347826087
34.833333333333336
37.08
45.96153846153846
44.2962962962963
42.964285714285715
44.03448275862069
42.8
46.25806451612903
45.5625
50.42424242424242
50.61764705882353
50.114285714285714
48.77777777777778
47.729729729729726
46.473684210526315
46.743589743589745
46.3
47.073170731707314
46.04761904761905
46.2093023255814
45.25
45.577777777777776
45.19565217391305
44.38297872340426
43.458333333333336
42.59183673469388
43.88
43.78431372549019
42.94230769230769
42.943396226415096
42.888888888888886
42.21818181818182
41.785714285714285
41.36842105263158
40.810344827586206
40.71186440677966
41.28333333333333
40.77049180327869
40.935483870967744
42.44444444444444
42.859375
42.53846153846154
42.40909090909091
42.47761194029851
42.455882352941174
41.869565217391305
41.27142857142857
42.12676056338028
41.72222222222222
41.47945205479452
41.445945945945944
43.36
43.85526315789474
43.35064935064935
42.82051282051282
43.177215189873415
42.825
42.60493827160494
43.40243902439025
43.036144578313255
43.476190476190474
43.588235294117645
43.25581395348837
43.839080459770116
43.375
43.10112359550562
42.86666666666667
43.05494505494506
42.608695652173914
42.61290322580645
42.680851063829785
42.38947368421053
41.958333333333336
41.58762886597938
41.38775510204081
42.111111111111114
42.08
43.32673267326733
43.28431372549019
43.94174757281554
43.71153846153846
43.904761904761905
43.54716981132076
43.8411214953271
43.56481481481482
45.522935779816514
47.445454545454545
47.054054054054056
46.99107142857143
47.1858407079646
47.36842105263158
47.0
46.689655172413794
46.60683760683761
46.23728813559322
47.27731092436975
47.025
47.35537190082645
47.15573770491803
47.016260162601625
47.66935483870968
49.376
51.05555555555556
51.25196850393701
51.03125
50.86046511627907
51.753846153846155
52.58015267175573
52.583333333333336
52.21804511278196
52.69402985074627
52.43703703703704
52.05882352941177
52.12408759124087
51.94202898550725
52.697841726618705
52.99285714285714
52.673758865248224
52.40845070422535
52.29370629370629
51.94444444444444
51.793103448275865
51.80821917808219
51.6530612244898
52.189189189189186
51.88590604026846
51.74666666666667
51.437086092715234
51.171052631578945
50.8562091503268
50.532467532467535
50.20645161290322
50.30128205128205
50.146496815286625
50.20253164556962
50.339622641509436
50.66875
50.49068322981366
50.20987654320987
50.171779141104295
49.926829268292686
49.63030303030303
49.63855421686747
49.49700598802395
49.208333333333336
49.47337278106509
49.21176470588235
49.35672514619883
49.38953488372093
49.283236994219656
49.07471264367816
49.55428571428571
49.47159090909091
49.31638418079096
49.13483146067416
49.357541899441344
49.327777777777776
49.07734806629834
48.81868131868132
48.56284153005465
48.34239130434783
48.189189189189186
47.94086021505376
47.80213903743316
47.648936170212764
47.682539682539684
47.43684210526316
47.78534031413613
48.130208333333336
48.523316062176164
48.53092783505155
48.36923076923077
48.39795918367347
48.6497461928934
48.42424242424242
48.70854271356784
49.015
48.9452736318408
48.94059405940594
48.95566502463054
48.78431372549019
49.11219512195122
48.96116504854369
48.93719806763285
48.75
48.516746411483254
48.29047619047619
48.47867298578199
48.34905660377358
48.63849765258216
49.24766355140187
50.688372093023254
50.675925925925924
50.8479262672811
50.61467889908257
50.538812785388124
50.30909090909091
50.244343891402714
50.851351351351354
50.762331838565025
50.933035714285715
51.00888888888889
50.78761061946903
50.590308370044056
50.37280701754386
50.28384279475983
50.17391304347826
50.42857142857143
50.37931034482759
50.1931330472103
50.03846153846154
49.84255319148936
49.63135593220339
49.48945147679325
49.89495798319328
50.10460251046025
49.9125
49.75103734439834
50.29338842975206
50.11522633744856
49.954918032786885
50.08571428571429
50.13414634146341
50.016194331983804
49.83064516129032
50.01606425702811
50.128
50.87250996015936
50.698412698412696
50.55731225296443
50.35826771653543
50.207843137254905
50.078125
49.89494163424124
50.12015503875969
50.04247104247104
50.0
49.86973180076628
49.68702290076336
49.555133079847906
49.484848484848484
49.369811320754714
49.19924812030075
49.149812734082396
49.048507462686565
48.962825278810406
49.20740740740741
49.2619926199262
49.080882352941174
49.014652014652015
49.04744525547445
48.876363636363635
48.70652173913044
48.88086642599278
48.97122302158273
48.9426523297491
48.93214285714286
48.75800711743772
49.01063829787234
49.19081272084806
49.20070422535211
49.126315789473686
49.42307692307692
49.69686411149826
49.93402777777778
49.7681660899654
49.98275862068966
49.97938144329897
50.21917808219178
50.532423208191126
50.67687074829932
50.50508474576271
50.59121621621622
50.55555555555556
50.41275167785235
50.27759197324415
50.13333333333333
50.03654485049834
50.0
49.864686468646866
49.72697368421053
49.967213114754095
49.83660130718954
49.74267100977199
49.66558441558441
49.530744336569576
49.53225806451613
49.536977491961416
49.48076923076923
49.6038338658147
49.531847133757964
49.63174603174603
49.5253164556962
49.52996845425867
49.600628930817614
49.4858934169279
49.634375
49.532710280373834
49.77639751552795
49.76160990712074
49.660493827160494
49.75692307692308
49.61042944785276
49.64525993883792
49.74085365853659
49.74164133738602
49.833333333333336
49.80060422960725
49.78313253012048
49.83783783783784
49.69760479041916
49.79402985074627
49.69642857142857
49.61721068249258
49.57988165680474
49.5693215339233
49.54117647058823
49.63636363636363
49.67836257309941
49.70553935860058
49.843023255813954
49.72463768115942
49.60115606936416
49.52161383285303
49.410919540229884
49.392550143266476
49.542857142857144
49.67806267806268
49.80965909090909
49.685552407932015
49.5819209039548
49.53521126760563
49.556179775280896
49.431372549019606
49.46368715083799
49.86908077994429
49.775
49.875346260387815
49.806629834254146
49.74931129476584
49.63186813186813
49.583561643835615
49.612021857923494
50.032697547683924
50.21195652173913
50.075880758807585
49.964864864864865
49.867924528301884
49.76075268817204
49.90348525469169
50.01604278074866
50.141333333333336
50.04255319148936
50.06100795755968
50.1005291005291
50.21899736147757
50.09473684210526
49.99475065616798
49.87434554973822
49.85900783289817
49.752604166666664
49.675324675324674
49.634715025906736
49.58139534883721
49.67783505154639
49.83033419023136
49.738461538461536
49.68030690537084
49.900510204081634
49.81424936386768
49.880710659898476
49.76455696202532
49.89646464646464
49.85390428211587
49.733668341708544
49.61654135338346
49.73
49.62094763092269
49.82835820895522
49.76923076923077
49.71534653465346
49.65185185185185
49.56896551724138
49.4987714987715
49.42156862745098
49.30073349633252
49.35609756097561
49.9367396593674
49.82281553398058
49.77239709443099
49.82367149758454
49.727710843373494
49.64663461538461
49.597122302158276
49.76315789473684
49.67064439140812
49.55714285714286
49.53919239904988
49.5260663507109
49.40898345153664
49.384433962264154
49.30117647058824
49.305164319248824
49.430913348946135
49.345794392523366
49.3006993006993
49.330232558139535
49.23201856148492
49.192129629629626
49.09006928406467
49.11981566820276
49.04827586206896
48.94724770642202
48.8512585812357
48.97488584474886
48.88154897494305
49.01136363636363
48.98866213151928
48.94117647058823
48.84650112866817
48.8018018018018
48.7123595505618
48.69282511210762
48.59955257270693
48.49330357142857
48.44320712694878
48.42666666666667
48.31929046563193
48.216814159292035
48.16777041942605
48.0726872246696
48.0
47.98684210526316
47.99343544857768
48.00873362445415
48.20697167755991
48.18478260869565
48.14750542299349
48.06060606060606
47.961123110151185
47.92672413793103
47.82365591397849
47.817596566523605
47.91006423982869
47.81623931623932
47.788912579957355
47.717021276595744
47.64755838641189
47.559322033898304
47.494714587737846
47.42194092827004
47.41473684210526
47.32773109243698
47.22851153039832
47.16317991631799
47.06471816283925
46.983333333333334
46.88773388773389
46.809128630705395
46.71221532091097
46.68388429752066
46.62680412371134
46.553497942386834
46.474332648870636
46.420081967213115
46.32515337423313
46.23673469387755
46.164969450101836
46.15040650406504
46.190669371196755
46.22874493927125
46.14949494949495
46.16935483870968
46.13480885311871
46.16265060240964
46.35470941883767
46.4
46.349301397205586
46.266932270916335
46.24850894632207
46.17063492063492
46.19009900990099
46.205533596837945
46.120315581854044
46.2007874015748
46.20039292730845
46.1764705882353
46.211350293542075
46.1953125
46.12865497076023
46.04474708171206
45.994174757281556
45.945736434108525
45.93617021276596
45.94208494208494
45.91522157996146
45.840384615384615
45.769673704414586
45.68773946360153
45.62523900573614
45.717557251908396
45.72571428571428
45.650190114068444
45.58064516129032
45.515151515151516
45.43478260869565
45.38867924528302
45.45951035781544
45.43421052631579
45.41838649155722
45.38951310861423
45.373831775700936
45.46641791044776
45.394785847299815
45.388475836431226
45.36734693877551
45.294444444444444
45.21072088724584
45.21771217712177
45.21178637200737
45.325367647058826
45.41284403669725
45.48168498168498
45.44424131627056
45.46897810218978
45.4735883424408
45.39636363636364
45.35208711433757
45.27717391304348
45.22242314647378
45.2870036101083
45.252252252252255
45.30935251798561
45.32854578096948
45.27598566308244
45.196779964221825
45.169642857142854
45.22994652406417
45.19039145907473
45.13676731793961
45.3031914893617
45.23716814159292
45.25618374558304
45.44268077601411
45.42429577464789
45.430579964850615
45.47894736842105
45.402802101576185
45.4493006993007
45.39441535776614
45.34843205574913
45.34608695652174
45.486111111111114
45.4159445407279
45.44290657439446
45.656303972366146
45.748275862068965
45.71772805507745
45.72508591065292
45.6483704974271
45.57705479452055
45.54358974358974
45.51023890784983
45.43270868824531
45.50170068027211
45.43803056027165
45.36101694915254
45.35871404399323
45.4222972972973
45.56829679595278
45.553872053872055
45.65210084033613
45.58557046979866
45.5108877721943
45.46321070234114
45.40066777963272
45.428333333333335
45.39600665557404
45.33554817275748
45.449419568822556
45.39900662251656
45.32561983471074
45.273927392739274
45.26523887973641
45.4375
45.36617405582923
45.33934426229508
45.319148936170215
45.40196078431372
45.35236541598695
45.43811074918567
45.37235772357724
45.311688311688314
45.26094003241491
45.19255663430421
45.150242326332794
45.151612903225804
45.10144927536232
45.059485530546624
45.04173354735153
45.0224358974359
44.9808
44.96325878594249
44.899521531100476
45.01273885350319
44.94912559618442
44.94285714285714
44.8811410459588
44.87341772151899
44.9652448657188
45.05362776025237
44.99842519685039
44.92767295597484
44.88540031397174
44.83385579937304
44.87949921752739
44.809375
44.823712948517944
44.753894080996886
44.86158631415241
44.81211180124224
44.796899224806204
44.828173374613
45.05409582689335
45.04938271604938
45.026194144838215
45.036923076923074
44.97081413210446
44.90337423312884
44.90352220520674
44.86697247706422
44.890076335877865
44.829268292682926
44.80821917808219
44.775075987841944
44.76631259484067
44.83181818181818
44.77307110438729
44.96978851963746
44.932126696832576
44.90210843373494
44.84812030075188
44.81531531531532
44.77511244377811
44.7185628742515
44.823617339312406
44.84626865671642
44.97764530551416
44.93154761904762
44.89153046062407
44.85459940652819
44.80444444444444
44.887573964497044
44.85819793205317
44.902654867256636
44.86745213549337
44.883823529411764
44.84581497797357
44.79618768328446
44.73645680819912
44.76754385964912
44.73284671532847
44.67930029154519
44.643377001455605
44.62063953488372
44.574746008708274
44.631884057971014
44.62662807525326
44.592485549132945
44.53823953823954
44.497118155619596
44.48776978417266
44.429597701149426
44.38020086083214
44.372492836676216
44.30901287553648
44.25
44.22111269614836
44.19230769230769
44.24324324324324
44.18465909090909
44.148936170212764
44.12039660056657
44.05799151343706
44.07909604519774
44.03808180535966
43.978873239436616
43.922644163150494
43.860955056179776
43.8148667601683
43.792717086834735
43.75524475524475
43.75977653631285
43.86610878661088
43.84958217270195
43.85396383866481
43.825
43.85991678224688
43.80193905817175
43.8326417704011
43.80386740331492
43.74758620689655
43.71625344352617
43.6808803301238
43.63324175824176
43.61042524005487
43.5958904109589
43.54445964432284
43.49180327868852
43.439290586630285
43.381471389645775
43.351020408163265
43.3125
43.28358208955224
43.264227642276424
43.239512855209746
43.1972972972973
43.176788124156545
43.22641509433962
43.219380888290715
43.16263440860215
43.19060402684564
43.183646112600535
43.136546184738954
43.163101604278076
43.18157543391188
43.12533333333333
43.14513981358189
43.10372340425532
43.08366533864542
43.02917771883289
42.980132450331126
42.95238095238095
43.18097754293263
43.13456464379947
43.10144927536232
43.05394736842105
43.00394218134034
42.979002624671914
42.960681520314544
42.931937172774866
42.898039215686275
42.847258485639685
42.88787483702738
42.868489583333336
42.82314694408323
42.785714285714285
42.74189364461738
42.72538860103627
42.692108667529105
42.7093023255814
42.6541935483871
42.61340206185567
42.58301158301158
42.53984575835476
42.504492939666235
42.46923076923077
42.414852752880925
42.391304347826086
42.38952745849298
42.35331632653061
42.40127388535032
42.43638676844784
42.398983481575605
42.34644670050761
42.297845373891
42.25316455696203
42.22250316055626
42.19949494949495
42.150063051702396
42.13727959697733
42.09811320754717
42.050251256281406
42.01756587202008
41.98370927318296
41.93617021276596
41.88875
41.846441947565545
41.85785536159601
41.82689912826899
41.776119402985074
41.75403726708075
41.75806451612903
41.7087980173482
41.69183168316832
41.640296662546355
41.62469135802469
41.5980271270037
41.54802955665025
41.50922509225092
41.504914004914006
41.499386503067484
41.47794117647059
41.43206854345165
41.399755501222494
41.352869352869355
41.31219512195122
41.274056029232646
41.23965936739659
41.204131227217495
41.26699029126213
41.22545454545455
41.21307506053269
41.16444981862152
41.11473429951691
41.065138721351026
41.03253012048193
40.993983152827916
40.96634615384615
40.92316926770708
40.89208633093525
40.84431137724551
40.79665071770335
40.75507765830346
40.74224343675418
40.69368295589988
40.71071428571429
40.67419738406659
40.64608076009501
40.604982206405694
40.556872037914694
40.55739644970414
40.60520094562648
40.59149940968123
40.548349056603776
40.51943462897526
40.48470588235294
40.450058754406584
40.413145539906104
40.405627198124265
40.38407494145199
40.353216374269
40.308411214953274
40.30105017502917
40.27505827505828
40.24097788125727
40.21046511627907
40.20557491289198
40.17633410672854
40.17960602549247
40.155092592592595
40.117919075144506
40.13741339491917
40.09111880046136
40.04723502304147
40.00690448791715
39.97011494252874
39.940298507462686
39.897935779816514
39.868270332187855
39.879862700228834
39.84457142857143
39.80936073059361
39.7787913340935
39.752847380410024
39.7872582480091
39.75
39.71282633371169
39.66893424036281
39.660249150622874
39.62782805429864
39.5864406779661
39.54176072234763
39.49718151071026
39.468468468468465
39.42857142857143
39.3876404494382
39.34567901234568
39.31614349775785
39.275475923852184
39.24049217002237
39.19776536312849
39.154017857142854
39.114827201783726
39.071269487750556
39.03781979977753
39.01555555555556
38.97780244173141
38.93569844789357
38.94905869324474
38.9103982300885
38.8707182320442
38.83002207505519
38.788313120176404
38.74669603524229
38.8030803080308
38.76043956043956
38.71899012074643
38.6765350877193
38.64841182913472
38.60722100656455
38.5792349726776
38.54148471615721
38.50163576881134
38.46078431372549
38.430903155603914
38.39565217391304
38.355048859934854
38.31670281995662
38.29252437703142
38.265151515151516
38.22486486486486
38.220302375809936
38.17907227615965
38.172413793103445
38.13778256189451
38.0989247311828
38.10418904403867
38.066523605150216
38.02679528403001
37.99464668094218
37.979679144385024
37.94123931623932
37.905016008537885
37.86780383795309
37.83067092651757
37.791489361702126
37.75132837407014
37.7208067940552
37.68504772004242
37.654661016949156
37.61904761904762
37.61733615221987
37.60506863780359
37.56645569620253
37.53951527924131
37.50105263157895
37.47003154574133
37.43382352941177
37.40608604407135
37.367924528301884
37.3434554973822
37.30753138075314
37.27899686520376
37.24947807933194
37.21376433785193
37.17604166666667
37.13839750260146
37.101871101871104
37.074766355140184
37.03630705394191
36.997927461139895
36.96066252587992
36.926577042399174
36.89462809917355
36.85964912280702
36.82164948453608
36.783728115345006
36.74794238683128
36.710174717368965
36.70431211498973
36.672820512820515
36.63934426229508
36.602865916069604
36.56952965235174
36.538304392236974
36.501020408163264
36.4638124362895
36.430753564154784
36.393692777212614
36.359756097560975
36.3258883248731
36.29006085192698
36.25430597771023
36.22570850202429
36.19110212335693
36.15555555555556
36.11907164480323
36.08366935483871
36.05740181268882
36.0251509054326
36.00301507537689
35.96686746987952
35.94282848545637
35.90781563126252
35.873873873873876
35.85
35.82717282717283
35.800399201596804
35.7666999002991
35.75099601593625
35.73930348258706
35.70377733598409
35.67130089374379
35.6656746031746
35.638255698711596
35.605940594059405
35.57072205736894
35.547430830039524
35.52122408687068
35.49112426035503
35.45911330049261
35.428149606299215
35.39429695181907
35.36444007858546
35.33758586849853
35.305882352941175
35.27326150832517
35.23972602739726
35.20625610948191
35.1767578125
35.14243902439024
35.111111111111114
35.07692307692308
35.047665369649806
35.01360544217687
34.980582524271846
34.9466537342386
34.91279069767442
34.878993223620526
34.851063829787236
34.83188405797102
34.7992277992278
34.7695274831244
34.73988439306358
34.707410972088546
34.675961538461536
34.642651296829975
34.61516314779271
34.581975071907955
34.55172413793103
34.520574162679424
34.5697896749522
34.5396370582617
34.50858778625954
34.5023832221163
34.46952380952381
34.43672692673644
34.411596958174904
34.38176638176638
34.34914611005693
34.32322274881517
34.290719696969695
34.258278145695364
34.225897920604915
34.19357884796978
34.16132075471698
34.129123468426016
34.0969868173258
34.06585136406397
34.03383458646616
34.00281690140845
33.97560975609756
33.96719775070291
33.93632958801498
33.90458372310571
33.87850467289719
33.84873949579832
33.81716417910448
33.79030754892824
33.75884543761639
33.72744186046511
33.696096654275095
33.66480965645311
33.63358070500928
33.60333642261353
33.57222222222222
33.54486586493987
33.513863216266174
33.48291782086796
33.452029520295206
33.42580645161291
33.39502762430939
33.36430542778289
33.333639705882355
33.303030303030305
33.27247706422018
33.24197983501375
33.21153846153846
33.18206770356816
33.15173674588665
33.121461187214614
33.09124087591241
33.061987237921606
33.032786885245905
33.00636942675159
32.97727272727273
32.94822888283379
32.918330308529946
32.888485947416136
32.858695652173914
32.83619909502262
32.80741410488246
32.77777777777778
32.748194945848375
32.718665464382326
32.69099099099099
32.66156615661566
32.635791366906474
32.60646900269542
32.577199281867145
32.55156950672646
32.522401433691755
32.49328558639212
32.46511627906977
32.436103663985705
32.40714285714286
32.378233719892954
32.350267379679146
32.32235084594835
32.305160142348754
32.276444444444444
32.248667850799286
32.22005323868678
32.191489361702125
32.162976085031
32.13628318584071
32.1078691423519
32.0839222614841
32.05913503971757
32.03086419753087
32.00264317180617
31.974471830985916
31.946350043975375
31.918277680140598
31.89025460930641
31.866666666666667
31.84049079754601
31.81260945709282
31.78477690288714
31.759615384615383
31.741484716157206
31.713787085514834
31.687009590235398
31.659407665505228
31.631853785900784
31.606956521739132
31.579496090356212
31.569444444444443
31.542931483087596
31.51733102253033
31.493506493506494
31.46712802768166
31.441659464131373
31.414507772020727
31.389128559102673
31.362068965517242
31.335055986218777
31.308089500860586
31.281169389509888
31.257731958762886
31.23090128755365
31.2041166380789
31.17823479005998
31.151541095890412
31.124893071000855
31.0982905982906
31.071733561058924
31.045221843003414
31.018755328218244
30.992333901192506
30.96595744680851
30.94472789115646
30.918436703483433
30.89219015280136
30.86598812553011
30.839830508474577
30.81371718882303
30.792724196277497
30.76669484361792
30.74070945945946
30.71645569620253
30.690556492411467
30.664700926705983
30.63888888888889
30.613120269133727
30.587394957983193
30.561712846347607
30.538590604026847
30.516345347862533
30.490787269681743
30.465271966527197
30.43979933110368
30.41436925647452
30.3889816360601
30.363636363636363
30.34
30.31473771856786
30.29034941763727
30.265170407315047
30.24003322259136
30.2149377593361
30.18988391376451
30.221209610604806
30.19701986754967
30.172043010752688
30.14710743801653
30.122213047068538
30.099009900990097
30.07419620774938
30.0502471169687
30.02716049382716
30.004111842105264
29.980279375513557
29.95977011494253
29.935192780968006
29.91311475409836
29.9017199017199
29.877250409165303
29.852820932134097
29.82843137254902
29.804081632653062
29.78058727569331
29.75631621841891
29.732084690553744
29.707892595606182
29.683739837398374
29.662875710804226
29.645292207792206
29.62124898621249
29.597244732576986
29.57327935222672
29.54935275080906
29.526273241713824
29.502423263327948
29.479418886198548
29.455645161290324
29.436744560838033
29.41304347826087
29.395816572807725
29.373794212218648
29.35020080321285
29.326645264847514
29.30633520449078
29.282852564102566
29.259407526020816
29.236
29.23421262989608
29.210862619808307
29.19074221867518
29.167464114832537
29.144223107569722
29.121019108280255
29.09785202863962
29.074721780604133
29.05162827640985
29.02857142857143
29.009516256938937
28.98732171156894
28.96437054631829
28.94145569620253
29.016600790513834
28.993680884676145
28.970797158642462
28.94794952681388
28.92513790386131
28.904724409448818
28.889063729346972
28.867138364779873
28.84446190102121
28.82182103610675
28.79921568627451
28.781347962382444
28.75880971025842
28.736306729264477
28.713838936669273
28.6921875
28.670569867291178
28.648985959438377
28.626656274356975
28.60436137071651
28.582101167315177
28.559875583203734
28.537684537684537
28.51552795031056
28.493405740884405
28.471317829457366
28.449264136328427
28.427244582043343
28.40525908739366
28.38408037094281
28.36216216216216
28.34027777777778
28.319198149575943
28.29738058551618
28.27559661277906
28.253846153846155
28.232129131437357
28.210445468509985
28.188795088257866
28.17331288343558
28.151724137931033
28.133231240428792
28.11170619739862
28.09021406727829
28.06951871657754
28.04885496183206
28.02745995423341
28.00609756097561
27.984767707539984
27.963470319634702
27.942205323193917
27.921732522796354
27.905087319665906
27.88391502276176
27.864291129643668
27.84318181818182
27.822104466313398
27.803328290468986
27.78306878306878
27.762084592145015
27.744150943396228
27.723227752639517
27.702336096458176
27.68147590361446
27.660647103085026
27.6406015037594
27.620586025544704
27.59984984984985
27.57914478619655
27.55847076461769
27.537827715355807
27.517215568862277
27.49663425579656
27.47608370702541
27.455563853622106
27.438059701492538
27.421327367636092
27.400894187779432
27.38049143708116
27.360119047619047
27.339776951672864
27.319465081723624
27.29918337045286
27.27893175074184
27.260192735359524
27.24
27.21983715766099
27.199704142011836
27.17960088691796
27.161004431314623
27.140959409594096
27.12094395280236
27.100957995578483
27.08100147275405
27.061074319352464
27.04264705882353
27.022777369581192
27.002936857562407
26.98459280997799
26.96700879765396
26.951648351648352
26.931918008784773
26.912216532553035
26.892543859649123
26.87289992695398
26.853284671532847
26.833698030634572
26.81413994169096
26.794610342316098
26.775109170305676
26.755636363636363
26.736191860465116
26.71677559912854
26.69811320754717
26.688179840464105
26.668840579710146
26.649529326574946
26.630246020260493
26.610990600144614
26.591763005780347
26.572563176895308
26.553391053391053
26.550829127613554
26.53170028818444
26.512598992080633
26.502158273381294
26.483105679367362
26.464080459770116
26.44508255563532
26.426111908177905
26.407168458781364
26.388252148997136
26.369362920544024
26.350500715307582
26.331665475339527
26.312857142857144
26.294075660242683
26.275320970042795
26.256593014967926
26.237891737891736
26.22064056939502
26.20199146514936
26.183368869936036
26.166193181818183
26.14762242725337
26.129078014184397
26.110559886605245
26.092067988668557
26.073602264685068
26.055162659123056
26.038162544169612
26.019774011299436
26.001411432604094
25.983074753173483
25.96476391825229
25.946478873239435
25.928219563687545
25.90998593530239
25.891777933942375
25.87429775280899
25.856140350877194
25.838008415147264
25.81990189208129
25.801820728291318
25.78376487053884
25.765734265734267
25.74772886093641
25.730446927374302
25.712491277041174
25.694560669456067
25.67665505226481
25.658774373259053
25.64231036882394
25.624478442280946
25.608061153578873
25.59027777777778
25.57321304649549
25.555478502080444
25.53776853776854
25.520083102493075
25.504498269896192
25.48686030428769
25.469246717346234
25.451657458563535
25.43409247757074
25.416551724137932
25.399035148173674
25.38292011019284
25.365450791465932
25.350068775790923
25.332646048109964
25.315247252747252
25.29787234042553
25.280521262002743
25.263193968471555
25.245890410958904
25.22861054072553
25.211354309165525
25.194121667805877
25.17691256830601
25.159726962457338
25.14256480218281
25.125426039536467
25.108310626703
25.091218515997276
25.074149659863945
25.057104010876955
25.04008152173913
25.023082145281737
25.006105834464044
24.98915254237288
25.0609756097561
25.044008124576845
25.027063599458728
25.010141987829616
24.993243243243242
24.9763673193788
24.96288798920378
24.946055293324342
24.92924528301887
24.913131313131313
24.896366083445493
24.87962340282448
24.866263440860216
24.8556077904634
24.838926174496645
24.82226693494299
24.805630026809652
24.78901540522438
24.772423025435074
24.755852842809364
24.739973262032084
24.723446893787575
24.70694259012016
24.69046030687125
24.674
24.657561625582943
24.675765645805594
24.660013306719893
24.643617021276597
24.627242524916944
24.610889774236387
24.594558725945586
24.58023872679045
24.56593770709079
24.549668874172184
24.533421575115817
24.517195767195766
24.502974223397224
24.48678996036988
24.47062706270627
24.45448548812665
24.438365194462754
24.422266139657445
24.40618828176432
24.39013157894737
24.374095989480605
24.3580814717477
24.34208798424163
24.32742782152231
24.311475409836067
24.29554390563565
24.279633267845448
24.263743455497384
24.247874427730544
24.23267973856209
24.21685173089484
24.201697127937337
24.185909980430527
24.17014341590613
24.154397394136808
24.138671875
24.122966818477554
24.107282184655396
24.091617933723196
24.075974025974027
24.060350421804024
24.044747081712064
24.029163966299418
24.01360103626943
23.998058252427185
23.982535575679172
23.967032967032967
23.9515503875969
23.940606843124595
23.92516129032258
23.911025145067697
23.89561855670103
23.88023180940116
23.866151866151867
23.8508038585209
23.835475578406168
23.820166987797045
23.804878048780488
23.791533033996153
23.776282051282053
23.76105060858424
23.745838668373878
23.73064619321817
23.718670076726344
23.703514376996804
23.68837803320562
23.67326100829611
23.658163265306122
23.64308476736775
23.628662420382167
23.613621896880968
23.598600508905854
23.583598219961857
23.56861499364676
23.553650793650792
23.538705583756347
23.523779327837666
23.508871989860584
23.493983533882204
23.479113924050633
23.46426312460468
23.44943109987358
23.434617814276688
23.419823232323232
23.405047318611988
23.39281210592686
23.37807183364839
23.363350125944585
23.34864694776589
23.333962264150944
23.319296040226273
23.30464824120603
23.29127432517263
23.277289836888333
23.26269592476489
23.24812030075188
23.233562930494678
23.22340425531915
23.208880550343967
23.195625
23.18113678950656
23.166666666666668
23.152214597629445
23.137780548628427
23.12336448598131
23.108966376089665
23.094586185438704
23.080223880597014
23.065879428216284
23.051552795031057
23.037243947858475
23.022952853598014
23.008679479231247
22.99442379182156
22.980185758513933
22.965965346534652
22.951762523191096
22.937577255871446
22.923409512044472
22.909259259259258
22.895126465144973
22.881011097410603
22.866913123844732
22.85283251231527
22.83876923076923
22.824723247232473
22.810694529809464
22.846437346437348
22.833640270104357
22.81963190184049
22.80564071122011
22.792279411764707
22.77832210655236
22.76438188494492
22.75045871559633
22.736552567237165
22.722663408674403
22.708791208791208
22.694935936546674
22.68109756097561
22.667885435709934
22.654080389768573
22.640292148508824
22.626520681265205
22.612765957446808
22.59902794653706
22.585306618093504
22.571601941747574
22.5591267434809
22.55272727272727
22.541490006056936
22.52784503631961
22.514216575922564
22.500604594921402
22.490030211480363
22.47705314009662
22.463488231744115
22.44993968636912
22.436407474382158
22.42590361445783
22.412402167369056
22.398916967509024
22.38544798556825
22.371995192307693
22.35855855855856
22.34513805522209
22.331733653269346
22.318345323741006
22.304973037747153
22.291616766467065
22.278874925194494
22.26555023923445
22.252241482367005
22.2389486260454
22.225671641791045
22.212410501193318
22.19916517590936
22.185935637663885
22.17272185824896
22.159523809523808
22.148126115407496
22.140309155766943
22.127153891859773
22.114014251781473
22.100890207715132
22.208778173190986
22.19561351511559
22.182464454976305
22.169330965068088
22.161538461538463
22.14843287995269
22.13534278959811
22.122268163024216
22.109208972845337
22.09911504424779
22.08608490566038
22.07307012374779
22.060070671378092
22.047086521483227
22.034117647058824
22.021164021164022
22.00822561692127
21.99530240751615
21.982394366197184
21.99706744868035
22.039273153575614
22.026362038664324
22.013466042154565
22.000585137507315
21.987719298245615
21.97486849795441
21.962032710280372
21.949211908931698
21.93698949824971
21.92594752186589
21.913170163170165
21.903902154921376
21.891152502910362
21.878417684700405
21.865697674418605
21.85299244625218
21.840301974448316
21.82762623331399
21.814965197215777
21.80231884057971
21.78968713789108
21.777070063694268
21.76446759259259
21.753614806246386
21.741040462427744
21.728480647024842
21.71593533487298
21.703404500865553
21.690888119953865
21.678386167146975
21.66589861751152
21.65342544617156
21.6409666283084
21.628522139160438
21.616091954022988
21.603676048248133
21.591274397244547
21.57888697647734
21.56651376146789
21.554154727793698
21.541809851088203
21.52947910704064
21.517734553775743
21.50771869639794
21.495428571428572
21.48315248429469
21.47146118721461
21.459212778094695
21.44697833523375
21.434757834757836
21.42255125284738
21.410358565737052
21.398179749715585
21.38601478112564
21.373863636363637
21.361726291879613
21.34960272417707
21.33749290981282
21.325396825396826
21.313314447592067
21.301245753114383
21.289190718732314
21.27714932126697
21.265686828716788
21.25367231638418
21.241671372106154
21.229683972911964
21.217710095882683
21.205749718151072
21.193802816901407
21.18186936936937
21.170512099043332
21.158605174353205
21.147835862844296
21.135955056179775
21.124087591240876
21.11223344556678
21.100953449242848
21.08912556053812
21.077310924369748
21.065509518477043
21.05372132064913
21.04194630872483
21.03018446059251
21.018435754189944
21.00670016750419
20.994977678571427
20.983268265476855
20.971571906354516
20.959888579387187
20.948218262806236
20.936560934891485
20.92491657397108
20.913285158421345
20.901666666666667
20.890061077179343
20.878468368479467
20.866888519134775
20.855321507760532
20.84376731301939
20.83222591362126
20.82069728832319
20.809181415929203
20.798231066887784
20.786740331491714
20.775262286029818
20.763796909492275
20.752895752895753
20.74531422271224
20.73388429752066
20.738436123348016
20.72757292239956
20.716171617161717
20.704782847718526
20.693406593406593
20.68204283360791
20.670691547749726
20.659352715304443
20.648026315789473
20.636712328767125
20.62541073384447
20.614121510673236
20.602844638949673
20.591580098414433
20.58032786885246
20.569087930092845
20.557860262008735
20.546644844517186
20.535441657579064
20.52425068119891
20.513071895424837
20.501905280348396
20.490750816104462
20.479608482871125
20.468478260869563
20.457360130363934
20.447339847991312
20.437330439500816
20.426789587852493
20.415718157181573
20.40465872156013
20.393611261505143
20.38365800865801
20.372633856138453
20.361621621621623
20.350621285791465
20.33963282937365
20.328656233135455
20.317691477885653
20.306738544474392
20.295797413793103
20.28486806677437
20.27395048439182
20.26304464766003
20.25215053763441
20.24126813541107
20.230397422126746
20.219538378958667
20.208690987124463
20.197855227882037
20.188102893890676
20.177289769683984
20.166488222698074
20.15569823434992
20.144919786096256
20.13415285943346
20.123397435897434
20.112653497063533
20.101921024546424
20.094933333333334
20.084754797441363
20.07405434203516
20.063365282215123
20.05268759978712
20.042021276595744
20.03136629452419
20.020722635494156
20.010090281465747
19.99946921443737
19.988859416445624
19.97826086956522
19.96767355590885
19.957097457627118
19.946532556908416
19.935978835978837
19.92543627710206
19.91490486257928
19.904384574749077
19.89387539598733
19.883377308707125
19.87289029535865
19.862414338429097
19.851949420442573
19.841495523959978
19.83105263157895
19.82062072593372
19.81019978969506
19.801891749868627
19.791491596638654
19.781102362204724
19.7707240293809
19.76088096486628
19.750524109014677
19.740178103719224
19.729842931937174
19.719518576661432
19.709205020920503
19.700470465237846
19.690177638453502
19.679895561357704
19.669624217118997
19.659363588941055
19.649113660062564
19.638874413757165
19.628645833333334
19.618427902134304
19.60822060353798
19.59854394175767
19.58835758835759
19.578181818181818
19.568016614745588
19.557861961598338
19.547717842323653
19.53758424053914
19.527461139896374
19.517348524080788
19.507246376811594
19.497154681841696
19.4870734229576
19.477002583979328
19.474690082644628
19.464636035105833
19.454592363261092
19.444559051057247
19.434536082474228
19.42503863987635
19.41503604531411
19.405043746783324
19.395061728395063
19.38508997429306
19.37512846865365
19.36517719568567
19.357802874743328
19.34889687018984
19.338974358974358
19.32957457713993
19.31967213114754
19.30977982590886
19.299897645854657
19.29002557544757
19.280163599182004
19.27082268778743
19.26200204290092
19.252169474221542
19.242346938775512
19.232534421213668
19.222731906218144
19.21293937850229
19.20315682281059
19.193384223918574
19.183621566632755
19.173868835790543
19.164126016260163
19.15439309294058
19.145685279187816
19.135971588026383
19.127281947261665
19.117587430309175
19.10790273556231
19.098227848101267
19.088562753036438
19.078907435508345
19.069261880687563
19.059626073774634
19.05
19.040383644623926
19.030776992936428
19.021684316691882
19.012096774193548
19.002518891687657
18.992950654582074
18.98339204831404
18.973843058350102
18.964303670186023
18.954773869346734
18.945253641386238
18.940261044176708
18.930757651781235
18.921263791374123
18.911779448621555
18.902304609218437
18.896845267901853
18.88738738738739
18.879939969984992
18.872
18.86256871564218
18.853146853146853
18.843734398402397
18.83433133732535
18.82493765586035
18.81555333998006
18.806178375685104
18.796812749003983
18.78745644599303
18.77810945273632
18.7687717553456
18.75944333996024
18.75310481867859
18.743793445878847
18.734491315136477
18.72519841269841
18.71591472483887
18.706640237859265
18.697374938088164
18.68811881188119
18.67887184562098
18.669634025717112
18.66089965397924
18.651679841897234
18.642469135802468
18.633267522211252
18.624074987666503
18.61489151873767
18.6057171020207
18.59655172413793
18.58739537173806
18.578248031496063
18.569109690113134
18.559980334316617
18.55085995085995
18.541748526522593
18.532646048109967
18.523552502453384
18.514467876410006
18.505392156862744
18.496815286624205
18.48775710088149
18.47870778267254
18.46966731898239
18.460635696821516
18.451612903225808
18.442598925256473
18.43359375
18.424597364568083
18.41560975609756
18.406630911750366
18.39766081871345
18.388699464198734
18.379746835443036
18.37080291970803
18.361867704280154
18.352941176470587
18.34402332361516
18.336085478387567
18.327184466019418
18.318292091217856
18.309893307468478
18.30101793504605
18.2921511627907
18.283292978208234
18.274443368828653
18.265602322206096
18.256769825918763
18.247945867568873
18.23913043478261
18.230323515210042
18.23310810810811
18.22575976845152
18.216972034715525
18.208192771084338
18.19942196531792
18.19065960519981
18.181905678537056
18.173160173160174
18.164423076923075
18.15569437770303
18.146974063400577
18.138262121939512
18.129558541266796
18.12086330935252
18.112176414189836
18.10349784379492
18.094827586206897
18.086165629487795
18.07751196172249
18.06934481109517
18.060707456978967
18.052078356426183
18.043457497612227
18.034844868735085
18.026240458015266
18.017644253695757
18.009056244041943
18.00047641734159
17.991904761904763
17.98334126606378
17.97478591817317
17.966238706609605
17.957699619771862
17.94916864608076
17.941120607787273
17.932605600379688
17.924098671726757
17.91559981033665
17.907109004739336
17.904784462340125
17.896306818181817
17.88783719829626
17.87937559129612
17.872813238770686
17.86436672967864
17.856400566839866
17.847969782813976
17.84049079754601
17.833490566037735
17.825082508250826
17.816682375117814
17.808290155440414
17.799905838041433
17.791529411764706
17.784571966133583
17.776210625293842
17.767857142857142
17.75951150775012
17.751173708920188
17.742843735335523
17.734521575984992
17.72667604313174
17.718369259606373
17.710070257611243
17.701779026217228
17.695367337388863
17.68709073900842
17.678821879382888
17.671028037383177
17.66324147594582
17.65499533146592
17.646756882874474
17.638526119402986
17.63030303030303
17.622087604846225
17.613879832324173
17.609404096834265
17.601209865053512
17.593023255813954
17.584844258484427
17.57667286245353
17.568509057129585
17.560352831940577
17.552668213457075
17.54452690166976
17.53639313861845
17.528266913809084
17.520148216767023
17.512037037037036
17.503933364183247
17.498149861239593
17.490060101710586
17.481977818853974
17.47390300230947
17.465835641735918
17.45777572681126
17.449723247232473
17.441678192715536
17.433640552995392
17.425610317825885
17.417587476979744
17.409572020248504
17.401563937442504
17.394022988505746
17.386029411764707
17.378043178686266
17.370064279155187
17.3625516291877
17.3545871559633
17.346629986244842
17.338680109990833
17.330737517178196
17.322802197802197
17.31487414187643
17.306953339432752
17.299039780521262
17.291133455210236
17.283234353586113
17.275342465753425
17.26745778183478
17.259580291970803
17.252621979024166
17.24475843208751
17.236902050113894
17.22905282331512
17.225307237141557
17.24021838034577
17.2337426102774
17.22590909090909
17.218082689686508
17.2102633969119
17.20245120290513
17.19464609800363
17.18684807256236
17.17905711695376
17.171273221567738
17.163496376811594
17.155726573110005
17.14796380090498
17.14020805065581
17.13245931283906
17.124717577948488
17.11743450767841
17.109706546275394
17.10198555956679
17.09427153811457
17.08746618575293
17.0797656602073
17.072522522522522
17.064835659612786
17.057155715571557
17.05038236617184
17.042715827338128
17.03505617977528
17.027403414195867
17.019757521329144
17.012118491921004
17.00448631673396
16.996860986547084
16.989242492155984
16.98163082437276
16.974025974025974
16.96642793196061
16.95883668903803
16.951252236135957
16.943674564148413
16.9361036639857
16.928539526574365
16.92098214285714
16.91343150379295
16.905887600356824
16.898350423539902
16.890819964349376
16.883296213808464
16.875779162956366
16.86826880284824
16.86076512455516
16.853268119164074
16.845777777777776
16.838294091514882
16.83081705150977
16.823346648912562
16.815882874889088
16.808425720620843
16.800975177304963
16.793531236154188
16.78609388839681
16.778663125276672
16.7712389380531
16.763821318000886
16.756410256410255
16.74900574458683
16.74160777385159
16.73421633554084
16.727272727272727
16.719894133215703
16.71252204585538
16.705156456588806
16.697797356828193
16.69044473800088
16.683098591549296
16.675758908930927
16.668425681618295
16.6610989010989
16.65377855887522
16.646464646464647
16.639596136962247
16.63229486616937
16.625
16.619903551074092
16.612620508326028
16.605343845816908
16.598073555166376
16.590809628008753
16.583552055993
16.576300830782685
16.569055944055943
16.56181738750546
16.554585152838428
16.547359231776518
16.540139616055846
16.537723506323594
16.530514385353094
16.523311546840958
16.516114982578397
16.508924684370918
16.501740644038293
16.49456285341453
16.487391304347828
16.480225988700564
16.475238922675935
16.46808510638298
16.4609375
16.453796095444684
16.447094535993063
16.439965322930213
16.432842287694974
16.42572542226072
16.41861471861472
16.411510168758113
16.404411764705884
16.397319498486812
16.390233362143473
16.383153347732183
16.376079447322972
16.369011652999568
16.361949956859362
16.354894351013368
16.348275862068967
16.341232227488153
16.334194659776056
16.327163151097718
16.32013769363167
16.313118279569892
16.3061049011178
16.2990975504942
16.29209621993127
16.28510090167454
16.27811158798283
16.271128271128273
16.264150943396228
16.257179597085297
16.250642673521853
16.243683083511776
16.236729452054796
16.23234916559692
16.225406330196748
16.21846943138093
16.212393162393163
16.20546774882529
16.198548249359522
16.1929150661545
16.186006825938566
16.17953091684435
16.172634271099746
16.165743502343418
16.158858603066438
16.15197956577267
16.145106382978724
16.13823904721395
16.131377551020407
16.124521886952827
16.11767204757859
16.11082802547771
16.103989813242784
16.097157403479
16.09033078880407
16.08350996184824
16.076694915254237
16.069885641677256
16.063082133784928
16.0562843842573
16.049492385786802
16.042706131078223
16.037616229923923
16.030840726658216
16.024070945945947
16.017306880540314
16.01054852320675
16.003795866722903
15.997048903878584
15.991993257479983
15.985256950294861
15.978526315789473
15.971801346801346
15.969289019772823
15.977291841883936
15.977301387137453
15.970588235294118
15.965560688786224
15.95885810243493
15.955937893411665
15.949244966442953
15.942557651991613
15.935875943000838
15.929199832425638
15.92252931323283
15.915864378401004
15.909205020920503
15.902551233793393
15.895903010033445
15.889260342666109
15.882623224728487
15.875991649269311
15.87186978297162
15.865248226950355
15.858632193494579
15.852021675698207
15.845416666666667
15.838817159516868
15.832223147377185
15.825634623387433
15.819051580698835
15.812474012474013
15.805901911886949
15.799335272122974
15.792774086378737
15.786218347862183
15.779668049792532
15.773123185400248
15.766583747927031
15.760049730625777
15.753521126760564
15.746997929606625
15.7408940397351
15.734381464625569
15.727874276261373
15.721372467961968
15.714876033057852
15.709624122263527
15.703137902559869
15.696657036731326
15.690181518151816
15.683711340206186
15.67724649629019
15.670786979810465
15.664332784184515
15.65829559489502
15.651851851851852
15.645413410119293
15.639391447368421
15.632963419646527
15.626540673788003
15.620123203285422
15.613711001642036
15.60730406237177
15.60090237899918
15.594505945059451
15.58811475409836
15.581728799672266
15.575348075348076
15.568972574703233
15.562602291325696
15.556237218813905
15.549877350776779
15.543522680833673
15.53717320261438
15.530828909759085
15.524489795918367
15.518155854753163
15.512234910277325
15.505911129229515
15.49959250203749
15.493279022403259
15.486970684039088
15.480667480667481
15.474369406021156
15.468076453843025
15.461788617886178
15.455505891913857
15.44922826969943
15.44295574502639
15.436688311688311
15.436105476673427
15.429845904298459
15.423996757194974
15.4177471636953
15.411502632644796
15.405263157894737
15.399028733306354
15.392799352750808
15.38657501010918
15.380759902991107
15.375757575757575
15.369951534733442
15.36374646750101
15.357546408393866
15.35135135135135
15.345161290322581
15.338976219266424
15.332796132151492
15.326621022956102
15.320450885668278
15.314285714285715
15.308125502815768
15.301970245275433
15.295819935691318
15.289674568099638
15.283534136546185
15.27739863508631
15.271268057784912
15.265142398716407
15.259422614274259
15.253707414829659
15.247596153846153
15.241489787745294
15.235388310648519
15.229291716686674
15.2232
15.217912834866054
15.211830535571544
15.20575309628446
15.199680511182109
15.193612774451097
15.18754988028731
15.181491822895891
15.175438596491228
15.16939019529693
15.163346613545817
15.157307845479888
15.151273885350319
15.14524472741743
15.139220365950676
15.133598409542744
15.12758346581876
15.121573301549464
15.115567911040507
15.10956728860659
15.123015873015873
15.117017056723522
15.111022997620935
15.105033690051526
15.099049128367671
15.093069306930692
15.087094220110847
15.081123862287297
15.075158227848101
15.069197311190194
15.063241106719367
15.057289608850256
15.05134281200632
15.045400710619818
15.039463299131807
15.033925049309664
15.027996845425868
15.022073314938904
15.016154452324665
15.010240252067744
15.004330708661417
14.998425816607634
14.992525570416994
14.98662996460873
14.980738993710691
14.974852652259331
14.968970934799685
14.963486454652532
14.957613814756671
14.951745782659867
14.945882352941176
14.940023520188161
14.934169278996865
14.928319623971797
14.92247454972592
14.916634050880626
14.910798122065728
14.904966757919437
14.89913995308835
14.893317702227433
14.8875
14.882467786021085
14.876658860265417
14.87085446742099
14.865054602184088
14.85925925925926
14.853468433359314
14.847682119205299
14.84190031152648
14.836123005060335
14.83035019455253
14.824581874756904
14.818818040435458
14.813058686358337
14.807303807303807
14.801553398058253
14.795807453416149
14.793558401241754
14.787820015515903
14.78208607987592
14.776356589147287
14.770631538163503
14.764910921766074
14.759969028261711
14.754256965944272
14.748549323017409
14.742846094354215
14.737147274835717
14.731452859350851
14.725762842796447
14.72007722007722
14.714395986105751
14.708719135802468
14.703046664095643
14.697378565921356
14.691714836223507
14.686055469953775
14.68040046207162
14.674749807544265
14.669488264717199
14.663846153846153
14.658208381391772
14.652574942352038
14.646945831732616
14.641705069124423
14.636084452975048
14.630468150422104
14.624856156501727
14.619248466257668
14.61364507474128
14.608045977011495
14.602451168134815
14.596860643185298
14.591274397244547
14.586074980872226
14.581261950286807
14.575688073394495
14.570118456247611
14.564935064935066
14.559373806796486
14.55381679389313
14.54826402136589
14.542715484363082
14.537171178040412
14.531631097560975
14.526095238095238
14.52056359482102
14.515036162923487
14.50951293759513
14.503993914035755
14.498479087452472
14.492968453059673
14.487462006079028
14.48195974173946
14.476461655277145
14.470967741935484
14.465477996965099
14.459992415623814
14.45451099317665
14.449033724895793
14.443560606060606
14.438091631957592
14.432626797880394
14.427166099129776
14.421709531013615
14.416257088846882
14.410808767951625
14.40536456365697
14.399924471299094
14.394488486221215
14.389056603773584
14.383628819313467
14.378582202111614
14.373162457595175
14.367746797287113
14.362335216572506
14.356927710843374
14.351524275498683
14.346124905944318
14.34072959759308
14.335338345864661
14.329951146185644
14.324567993989481
14.319188884716485
14.313813813813814
14.309193245778612
14.303825956489122
14.29846269216348
14.293103448275861
14.28774822030723
14.282397003745318
14.277049794084613
14.271706586826348
14.277590722035166
14.272251308900524
14.266915887850468
14.261584454409567
14.256257004109077
14.25093353248693
14.24561403508772
14.240298507462686
14.234986945169712
14.229679343773304
14.224375698844577
14.219076005961252
14.214525139664804
14.209233060312732
14.203944919985114
14.198660714285714
14.193380438824843
14.188104089219332
14.18283166109253
14.177563150074294
14.172298551800965
14.167037861915368
14.16178107606679
14.163946587537092
14.158694846125325
14.153817642698295
14.148573545757689
14.143333333333333
14.1380970011107
14.132864544781643
14.127635960044396
14.122411242603551
14.117190388170055
14.111973392461197
14.10676025120059
14.101550960118168
14.096345514950166
14.091143911439115
14.085946145333825
14.080752212389381
14.075562108367121
14.070375829034635
14.065193370165746
14.060014727540501
14.05483989694516
14.049668874172186
14.044501655020229
14.039338235294117
14.034178610804851
14.029022777369581
14.023870730811606
14.018722466960352
14.013577981651377
14.00843727072634
14.003300330033003
13.998533724340176
13.993404177354343
13.988278388278388
13.983156352984254
13.978038067349926
13.972923527259422
13.96781272860278
13.962705667276051
13.957602339181287
13.952502740226526
13.947406866325785
13.942314713399051
13.937226277372263
13.932506384531193
13.927425237053246
13.92234779438571
13.917274052478135
13.912204007285974
13.907137654770576
13.902074990899163
13.897016011644833
13.89196071298654
13.886909090909091
13.881861141403126
13.876816860465116
13.871776244097349
13.866739288307915
13.861705989110709
13.856676342525398
13.85165034457744
13.846627991298043
13.841609278724176
13.836594202898551
13.831582759869612
13.826574945691528
13.821570756424176
13.81657018813314
13.811573236889693
13.806579898770789
13.801590169859054
13.796604046242775
13.79162152401589
13.786642599277979
13.781667268134248
13.776695526695526
13.771727371078255
13.76676279740447
13.761801801801802
13.756844380403459
13.751890529348218
13.746940244780417
13.741993522849945
13.73705035971223
13.732110751528227
13.727174694464415
13.722242184692778
13.717313218390805
13.712387791741472
13.707465900933238
13.702547542160028
13.697632711621234
13.692721405521691
13.687813620071685
13.682909351486922
13.678008595988539
13.67311134980308
13.66857551896922
13.663685152057244
13.658798283261802
13.654629960672148
13.64974982130093
13.644873168988925
13.64
13.635130310603357
13.63026409707352
13.625401355690332
13.620542082738945
13.615686274509804
13.610833927298646
13.605985037406484
13.601139601139602
13.59629761480954
13.591459074733097
13.586623977232302
13.581792318634424
13.576964095271952
13.572139303482587
13.567317939609236
13.5625
13.557685481008164
13.552874378992193
13.548066690315714
13.543971631205673
13.539170506912443
13.534372785258682
13.52957846262841
13.524787535410765
13.52
13.515215852795471
13.510435090201627
13.506011315417256
13.501237186284907
13.496466431095406
13.491699046273402
13.486935028248588
13.4821743734557
13.478122794636556
13.475485008818342
13.470733427362482
13.465985195629186
13.46124031007752
13.456498767171539
13.451760563380281
13.447025695177754
13.442294159042927
13.437565951459726
13.432841068917018
13.428119507908612
13.42340126493324
13.418686336494556
13.413974719101123
13.40926640926641
13.404561403508772
13.399859698351456
13.39516129032258
13.390466175955135
13.385774351786965
13.381085814360771
13.376750700280112
13.372068603430172
13.36738978306508
13.362714235746765
13.358041958041959
13.353372946522194
13.348707197763801
13.344044708347887
13.339385474860336
13.334729493891798
13.330076762037683
13.325427275898152
13.320781032078104
13.318926455210875
13.314285714285715
13.309648206199931
13.305013927576601
13.300382875043509
13.295755045233124
13.291130434782609
13.286509040333797
13.281890858533194
13.277275886031967
13.272664119485933
13.268055555555556
13.263450190905935
13.2588480222068
13.2542490461325
13.249653259361997
13.245060658578856
13.24047124047124
13.235885001731901
13.231648199445983
13.227068189685012
13.222491349480968
13.217917675544793
13.213347164591978
13.20877981334255
13.204215618521078
13.19965457685665
13.195096685082873
13.194684156023472
13.190131124913734
13.18558123490859
13.181034482758621
13.17649086521889
13.171950379048932
13.167413021012745
13.162878787878787
13.158347676419966
13.153819683413627
13.15032679738562
13.146148555708391
13.14162942591956
13.137457044673539
13.132944005496393
13.128434065934066
13.12392722279437
13.1194234728895
13.11492281303602
13.11042524005487
13.105930750771341
13.101439342015079
13.096951010620076
13.092465753424657
13.087983567271483
13.08350444900753
13.079028395484091
13.076949384404925
13.072478632478633
13.068352699931648
13.063887939870174
13.059426229508198
13.05496756572209
13.050511945392492
13.046059365404298
13.041609822646658
13.037163314012956
13.032719836400817
13.028279386712095
13.023841961852861
13.019407558733402
13.01497617426821
13.010547805375978
13.006122448979593
13.00170010200612
12.997280761386811
12.992864424057085
12.988451086956522
12.984040747028862
12.979633401221996
12.975229046487954
12.970827679782904
12.966429298067142
12.962372881355932
12.957980345645543
12.95359078590786
12.949204199119539
12.944820582261341
12.940439932318105
12.936062246278755
12.931687521136286
12.927315753887761
12.922946941534303
12.918581081081081
12.91421816953732
12.909858203916272
12.905501181235234
12.90114709851552
12.896795952782462
12.892447741065409
12.888102460397707
12.88376010781671
12.87942068036376
12.875084175084176
12.870750589027264
12.8664199192463
12.86209216279852
12.857767316745125
12.85344537815126
12.849126344086022
12.84481021162244
12.840496977837475
12.836186639812018
12.831879194630872
12.827574639382757
12.823272971160295
12.818974187060007
12.814678284182305
12.810385259631492
12.80609511051574
12.801807833947104
12.797523427041499
12.793241886918702
12.788963210702342
12.784687395519892
12.780414438502675
12.776144336785833
12.77187708750835
12.767612687813022
12.763684913217624
12.760427093760427
12.756170780520346
12.75191730576859
12.747666666666667
